16,3,12,5,-3,4,8,4,-6,-7,-1,-5,0,-8,-5,-2,-7,-3,-2,-7,-8,-8,-8,-5,-6,-8,-5,-11,-9,-9,-6,-10,-7,-10,-10,-11,-10,-8,-7,-7,9,11,7,6,4,7,11,1,-1,-10,1,2,-2,-4,0,-3,-5,-1,-3,-11,-14,-10,-4,-5,-10,-4,-7,-12,-13,-9,-7,-8,-9,-7,-9,-9,-9,-9,-6,-7,15,0,3,2,7,2,11,3,-4,0,6,3,0,-1,1,-4,-8,-5,-4,-8,-6,-11,-8,-10,-11,-4,-6,-9,-11,-6,-8,-8,-6,-8,-8,-10,-9,-6,-8,-7,10,0,6,5,-2,2,1,-2,2,-3,-2,-3,-8,-1,0,0,-10,-3,-5,-6,-10,-11,-5,-4,-5,-5,-7,-13,-9,-6,-4,-7,-8,-9,-11,-7,-8,-7,-6,-8,11,10,2,-6,8,10,0,-1,-5,-1,0,2,-5,-7,-4,-3,-13,-2,-3,-8,-11,-12,-10,-8,-4,-4,-7,-12,-11,-5,-5,-7,-8,-9,-6,-10,-10,-6,-7,-6,8,-1,10,12,7,11,7,-2,-5,-4,2,2,-6,-7,-8,-5,-7,1,-2,-8,-10,-10,-5,-4,-8,-4,-6,-12,-7,-7,-8,-6,-10,-8,-7,-9,-8,-4,-8,-7,17,6,9,5,1,10,3,4,1,1,-4,0,0,-3,-2,-3,-8,-4,-4,-9,-8,-10,-10,-7,-8,-5,-4,-10,-7,-9,-9,-8,-11,-9,-7,-10,-9,-5,-7,-6,7,4,0,6,-3,7,9,4,4,-1,-2,-3,-6,-3,-3,-7,-6,-2,-5,-7,-12,-7,-5,-5,-6,-2,-6,-11,-9,-6,-9,-8,-7,-8,-8,-10,-11,-8,-10,-8,6,6,11,9,0,0,4,-1,0,1,2,3,-3,-1,0,-4,-9,-3,-4,-10,-5,-9,-6,-6,-8,-5,-6,-10,-7,-6,-4,-4,-7,-10,-9,-8,-8,-7,-7,-6,12,8,5,6,-2,6,7,0,2,-1,5,0,-4,-9,-3,-1,-11,-4,-5,-5,-11,-7,-6,-6,-6,-7,-7,-9,-8,-10,-11,-9,-12,-9,-10,-8,-7,-10,-10,-6,11,9,7,8,12,9,8,3,2,1,0,0,-3,-6,3,-2,-7,-3,-2,-6,-6,-3,-10,-5,-4,-6,-8,-11,-8,-7,-5,-5,-7,-10,-7,-11,-9,-8,-8,-6,16,0,6,7,3,7,9,2,-3,1,0,4,2,-6,1,-4,-8,-3,-1,-6,-9,-7,-7,-6,-8,-10,-6,-9,-9,-7,-8,-9,-11,-9,-7,-10,-9,-9,-10,-7,4,9,1,8,8,7,1,6,0,-5,0,3,-9,-5,1,0,-10,-1,-3,-11,-18,-5,-7,-7,-7,-7,-4,-10,-9,-8,-5,-7,-6,-9,-7,-10,-10,-7,-6,-6,18,9,3,5,5,5,4,6,4,0,0,3,-9,-6,-10,-11,-8,-5,-6,-13,-11,-7,-9,-8,-5,-7,-8,-9,-6,-6,-8,-4,-9,-10,-8,-9,-9,-8,-7,-7,11,3,12,11,4,9,5,5,0,-6,0,4,0,-6,0,-2,-6,0,-3,-11,-9,-12,-8,-8,-7,-6,-7,-8,-5,-8,-6,-7,-6,-7,-7,-8,-11,-8,-8,-6,17,5,7,1,5,7,3,4,10,0,0,0,-5,-2,0,-7,-10,-4,-1,-7,-9,-9,-9,-10,-5,-3,-2,-6,-10,-13,-5,-7,-8,-7,-7,-10,-9,-9,-8,-4,11,7,-3,8,6,6,2,1,3,4,7,7,1,-6,0,-1,-3,-1,-2,-8,-12,-13,-6,-3,-2,-7,-8,-9,-5,-7,-4,-7,-7,-7,-7,-9,-11,-7,-8,-6,15,2,7,8,9,3,7,3,-8,-7,3,4,-2,-5,-4,-3,-6,-4,-6,-7,-10,-14,-7,-1,-5,-6,-7,-14,-9,-7,-7,-6,-6,-7,-6,-7,-9,-7,-9,-5,6,6,5,9,5,5,13,2,2,0,8,7,-2,-2,2,-2,-4,-1,2,-5,-6,-10,-4,-4,-8,-8,-4,-9,-9,-9,-8,-7,-8,-9,-9,-8,-8,-6,-7,-4,11,4,4,-1,9,13,7,0,-4,-4,-4,0,0,-1,-2,-5,-6,-4,-3,-8,-8,-6,-6,-4,-5,-6,-5,-7,-8,-8,-10,-13,-7,-9,-7,-7,-9,-10,-8,-7,6,8,8,8,8,9,6,8,4,-3,3,0,-2,-4,0,-4,-14,-4,0,-5,-8,-8,-9,-5,-9,-6,-7,-9,-7,-7,-8,-6,-7,-7,-6,-9,-9,-9,-7,-5,8,11,0,4,6,6,6,4,-1,5,-1,0,-4,-3,-1,-2,-6,-2,-2,-10,-12,-7,-3,-4,-11,-10,-7,-11,-9,-6,-9,-5,-4,-8,-10,-10,-8,-7,-9,-7,18,6,7,2,6,13,3,9,8,0,-1,2,-2,-1,3,-1,-9,-2,-2,-8,-12,-10,-7,-3,-4,-4,-6,-12,-8,-8,-7,-6,-6,-8,-6,-10,-9,-7,-5,-7,4,1,0,3,5,12,5,3,4,1,6,3,-6,-7,3,-3,-8,-8,-11,-5,-9,-9,-7,-5,-8,-7,-8,-11,-4,-8,-8,-7,-6,-9,-11,-10,-10,-8,-6,-7,9,6,5,0,-1,6,5,2,2,-3,-1,6,4,-6,0,-4,-4,-4,-1,-9,-11,-8,-5,-4,-5,-9,-5,-9,-10,-9,-10,-8,-9,-7,-8,-9,-7,-6,-5,-5,6,-4,0,6,8,6,5,3,-1,-5,3,1,-5,-9,0,-2,-7,-3,1,-8,-4,-7,-5,-4,-5,-5,-8,-15,-9,-6,-9,-8,-10,-7,-10,-10,-8,-9,-7,-6,11,10,0,5,4,3,2,4,0,-2,0,4,3,-1,0,-4,-6,-2,-7,-3,-7,-8,-8,-7,-14,-7,-10,-9,-7,-6,-10,-11,-11,-9,-9,-10,-10,-9,-9,-5,14,11,4,1,7,8,9,4,4,-6,1,3,-3,-5,1,0,-8,-3,0,-6,-10,-9,-9,-12,-8,-2,-5,-9,-9,-12,-8,-6,-8,-9,-10,-13,-10,-7,-9,-5,12,-4,0,0,0,4,0,-4,2,1,1,1,-1,-3,5,-5,-4,-3,0,-8,-8,-7,-5,-6,-4,-7,-8,-10,-9,-10,-11,-9,-8,-8,-8,-9,-8,-9,-7,-7,12,12,6,4,7,4,7,10,4,-3,0,4,0,-2,4,0,-3,-5,-6,-9,-7,-11,-10,-9,-5,-2,-5,-9,-7,-5,-4,-6,-8,-10,-10,-10,-10,-7,-7,-6,11,3,0,5,-1,0,6,5,7,2,-1,1,-1,-7,3,-1,-12,-4,-4,-5,-5,-10,-13,-6,-6,-5,-6,-11,-8,-9,-7,-5,-8,-8,-7,-7,-6,-7,-8,-8,14,2,-3,3,1,8,0,-2,0,2,7,9,2,-2,0,2,-11,0,0,-7,-8,-5,-2,-3,-5,-8,-6,-8,-6,-6,-7,-7,-10,-7,-7,-7,-7,-5,-7,-6,5,0,-3,-2,8,3,-4,4,7,-2,4,6,2,-4,-1,-8,-8,-4,-4,-10,-9,-7,-4,-7,-7,-2,-5,-9,-9,-6,-4,-8,-8,-6,-6,-6,-9,-6,-6,-7,10,6,8,9,10,4,5,6,0,-1,0,4,-2,-3,0,-3,-9,-1,-4,-7,-9,-8,-6,-5,-3,-4,-4,-7,-10,-8,-9,-6,-5,-8,-9,-11,-9,-9,-9,-5,7,0,0,12,12,10,1,5,-2,-8,6,8,-4,-9,0,-1,-8,0,0,-7,-6,-8,-7,-3,-6,-7,-9,-8,-7,-8,-5,-7,-8,-8,-6,-9,-9,-7,-6,-5,12,9,7,10,11,10,11,6,2,1,7,8,-4,-10,0,-3,-5,-2,-4,-12,-8,-6,-9,-4,-6,-3,-3,-9,-10,-10,-6,-7,-7,-10,-7,-9,-8,-9,-8,-5,15,6,12,7,2,0,5,2,5,6,4,7,-1,-2,-5,-11,-11,-5,-2,-10,-14,-10,-7,-9,-10,-9,-9,-9,-9,-8,-7,-6,-5,-5,-9,-9,-8,-5,-7,-5,10,8,5,10,5,4,3,1,-3,-1,2,8,1,0,-2,-6,-5,-1,-3,-4,-6,-9,-5,-5,-4,-4,-4,-10,-7,-7,-6,-9,-10,-7,-9,-8,-9,-6,-7,-9,17,11,9,8,0,4,7,7,1,6,6,5,-7,-10,0,1,-5,-1,4,-11,-10,-4,-5,-5,-7,-5,-5,-8,-8,-8,-10,-7,-9,-9,-8,-11,-8,-6,-7,-6,19,4,6,11,11,10,9,1,0,3,0,2,-3,-9,-1,-2,-10,-7,-3,-8,-9,-9,-6,-5,-7,-7,-5,-7,-5,-7,-5,-6,-7,-8,-8,-9,-6,-7,-6,-4,15,6,4,3,6,10,5,7,1,0,3,7,-3,-4,4,-1,-8,2,3,-10,-11,-9,-7,-5,-6,-7,-9,-11,-8,-9,-6,-7,-7,-7,-8,-10,-10,-9,-6,-7,13,10,6,4,5,13,14,5,1,0,6,3,-2,-5,1,0,-8,-6,-3,-5,-8,-8,-5,-6,-6,-3,-6,-11,-10,-8,-7,-8,-4,-8,-9,-7,-10,-9,-5,-7,8,5,8,9,6,8,5,7,0,3,5,2,-1,-1,2,-5,-7,2,2,-6,-8,-7,-13,-5,-4,-4,-2,-10,-8,-5,-5,-6,-6,-8,-12,-11,-7,-4,-6,-6,5,11,5,5,6,9,12,5,6,-1,0,0,-2,-4,-1,-3,-9,-4,-2,-7,-7,-7,-14,-7,-8,-3,-6,-12,-9,-4,-4,-6,-9,-11,-8,-9,-10,-7,-6,-5,19,6,2,4,10,9,9,4,0,-2,0,5,4,-4,-2,-7,-15,-6,0,-9,-13,-11,-7,-6,-8,-4,-6,-10,-8,-9,-7,-6,-5,-7,-9,-9,-10,-7,-6,-6,8,1,-3,2,0,13,9,4,6,0,-1,5,-5,-1,-5,-6,-7,-1,-3,-10,-9,-5,-6,-6,-7,-3,-1,-8,-4,-8,-7,-6,-8,-8,-9,-9,-8,-10,-7,-6,10,11,8,-1,2,15,9,4,4,-1,-1,0,-3,0,-4,-2,-6,-3,0,-5,-7,-9,-7,-6,-7,-2,0,-6,-9,-10,-9,-7,-8,-8,-8,-7,-6,-6,-9,-7,11,4,7,8,1,10,12,3,4,-1,3,7,1,-8,-7,-9,-12,-2,-6,-9,-7,-4,-8,-6,-7,-7,-8,-6,-5,-7,-7,-8,-8,-9,-7,-9,-8,-8,-7,-9,14,6,-5,4,1,9,4,8,5,-3,-6,3,3,-3,-2,-6,-9,-4,0,-9,-10,-10,-5,0,-6,-6,-2,-6,-5,-8,-8,-7,-7,-8,-8,-9,-9,-9,-8,-5,14,6,3,0,9,10,11,7,3,-4,9,9,-1,-4,1,0,-8,1,2,-7,-7,-8,-4,-3,-10,-4,-7,-8,-7,-11,-10,-7,-6,-6,-7,-9,-7,-7,-7,-5,8,6,3,-3,7,11,10,10,9,-2,3,9,-2,-7,3,0,-11,0,3,-6,-6,-6,-2,-4,-6,-2,-3,-10,-7,-8,-7,-7,-10,-8,-6,-8,-9,-8,-6,-7,18,9,1,6,-1,13,14,5,6,-2,0,4,-3,-6,-4,-1,-4,2,-3,-10,-9,-9,-9,-4,-4,-3,-6,-6,-5,-8,-10,-6,-5,-6,-7,-9,-6,-7,-7,-7,18,11,-2,7,5,8,9,5,0,0,2,7,0,-1,-4,-3,-5,-1,0,-5,-10,-7,-9,-7,-9,-10,-5,-10,-10,-7,-8,-8,-8,-7,-5,-8,-9,-6,-9,-8,12,0,-5,4,5,9,7,3,5,1,3,-1,-3,-5,-5,-7,-5,2,0,-11,-10,-11,-6,-5,-5,-4,-5,-6,-7,-9,-7,-6,-11,-9,-5,-8,-10,-8,-8,-5,2,10,9,-4,0,3,5,8,0,-2,3,0,-2,-10,-5,-8,-8,1,2,-9,-9,-14,-7,-7,-4,-5,-6,-11,-9,-8,-4,-5,-6,-6,-7,-8,-10,-7,-10,-6,16,10,-3,3,8,9,9,3,-3,-3,0,5,4,-8,-1,0,-9,-1,0,-8,-10,-9,-7,-7,-3,-6,-4,-7,-7,-7,-8,-5,-8,-8,-8,-10,-12,-9,-8,-5,10,6,8,8,13,8,9,4,2,-2,4,9,0,-4,0,-7,-13,-3,-3,-10,-11,-7,-7,-4,-6,-5,-6,-10,-9,-8,-9,-10,-12,-11,-6,-10,-9,-8,-8,-5,8,9,-1,1,5,11,5,5,1,4,5,9,0,-2,-1,-5,-6,-1,1,-4,-8,-6,-6,-6,-5,-6,-5,-10,-4,-8,-5,-8,-6,-7,-10,-9,-10,-8,-9,-7,18,9,-7,-2,6,11,9,5,0,-8,0,0,-2,-5,-7,-4,-8,0,2,-7,-10,-5,-8,-6,-5,-7,-5,-10,-7,-8,-7,-7,-8,-9,-7,-7,-8,-7,-5,-5,15,9,11,6,-1,3,6,3,1,-3,0,0,-5,-3,1,-4,-8,-1,-4,-9,-10,-10,-4,-6,-5,-7,-6,-7,-6,-7,-4,-6,-7,-8,-4,-7,-5,-5,-4,-2,19,10,0,7,6,6,11,5,5,0,-1,0,-1,-1,0,0,-4,1,0,-6,-9,-7,-6,-5,-3,-5,-9,-10,-6,-10,-7,-6,-5,-4,-3,-7,-5,-5,-3,1,12,5,9,10,8,6,4,4,-2,2,2,6,3,-1,2,-1,-6,-5,-3,-5,-10,-12,-10,-3,-5,-6,-6,-7,-10,-5,-5,-3,-5,-5,-7,-7,-5,-4,-4,-1,10,11,4,2,5,6,5,3,-3,0,1,0,-1,-2,0,-1,-3,1,1,-7,-11,-7,-8,-7,-7,-4,-3,-8,-10,-5,-6,-4,-4,-5,-1,-6,-5,-4,-2,-3,14,8,8,-2,6,11,7,8,0,0,5,5,-3,-3,5,0,-8,0,-4,-11,-6,-8,-5,-4,-7,-4,-5,-8,-6,-6,-6,-7,-8,-6,-4,-7,-7,-2,-3,-2,7,3,6,5,6,6,9,5,1,-12,2,7,3,-1,1,-1,-11,0,-1,-12,-13,-6,-6,-5,-3,-5,-5,-9,-9,-8,-7,-6,-7,-6,-7,-8,-6,-4,-4,-1,12,8,6,5,4,0,-3,7,5,-1,-7,0,-1,-5,-2,-2,-3,0,0,-8,-10,-8,-4,-5,-5,-2,-7,-7,-6,-4,-6,-8,-6,-10,-9,-7,-7,-6,-5,-3,13,12,7,3,0,4,-1,1,-3,-4,-2,-2,-7,-10,3,-3,-5,-1,1,-5,-4,-5,-5,-7,-6,-4,-5,-9,-7,-4,-7,-4,-5,-6,-6,-9,-5,-7,-7,-5,15,0,2,7,5,8,5,11,5,3,-1,6,1,-2,0,-2,-6,-1,0,-10,-13,-14,-9,-2,-4,-4,-7,-11,-6,-6,-6,-7,-10,-7,-8,-9,-7,-7,-6,-7,18,12,3,-2,1,-2,9,10,2,-8,1,3,-3,-4,0,0,-10,-5,-2,-12,-12,-12,-6,-5,-4,-5,-4,-9,-4,-6,-6,-7,-8,-9,-9,-8,-9,-6,-8,-6,21,13,9,6,4,11,5,8,-3,-4,0,2,3,-2,0,-2,-9,-6,-1,-8,-11,-9,-7,-5,-4,-7,-5,-11,-5,-9,-9,-6,-6,-8,-10,-11,-8,-8,-7,-7,19,7,1,8,5,-3,-3,0,-6,-13,-2,-3,-1,-3,1,1,-5,-5,-2,-4,-14,-11,-4,-2,-5,-4,-3,-10,-7,-7,-6,-7,-8,-7,-9,-8,-9,-8,-7,-5,12,12,9,9,6,10,6,8,3,0,4,5,1,-3,1,-1,-2,0,-2,-9,-8,-8,-4,-5,-5,-6,-4,-9,-8,-8,-4,-7,-7,-10,-7,-8,-9,-7,-7,-5,12,7,5,3,3,5,9,4,-2,-5,2,4,1,1,2,-5,-10,2,0,-9,-10,-8,-5,-4,-3,-2,-5,-9,-6,-7,-4,-6,-7,-6,-5,-5,-6,-6,-7,-5,19,9,9,14,7,6,0,1,-2,-6,1,5,0,-4,1,-2,-3,1,0,-5,-9,-9,-9,-11,-8,-5,-5,-9,-4,-7,-5,-5,-5,-7,-7,-7,-9,-6,-6,-7,14,10,8,2,8,6,-1,1,1,-3,0,5,-2,-8,-1,2,-8,1,-1,-7,-12,-8,-8,-4,-5,-8,-8,-7,-3,-5,-8,-7,-6,-7,-8,-9,-11,-7,-6,-7,11,2,-1,5,7,6,1,8,4,-2,4,5,1,0,-4,-5,-7,-2,0,-9,-8,-6,-6,-6,-9,-4,-6,-8,-7,-6,-7,-8,-5,-6,-8,-11,-9,-10,-7,-7,15,12,4,1,3,11,9,7,-1,-1,5,4,2,-8,0,0,-3,-1,1,-6,-12,-10,-5,-1,-4,-1,-5,-10,-11,-8,-7,-7,-5,-7,-7,-8,-8,-7,-8,-7,19,10,10,5,0,-2,6,6,-3,0,1,0,-3,-3,0,-4,-13,-2,-1,-8,-9,-11,-11,-4,-6,-4,-4,-4,-8,-5,-5,-8,-8,-5,-5,-6,-8,-9,-7,-5,14,-13,3,2,7,8,4,-6,-2,-2,4,0,-4,0,0,-3,-9,-7,1,-10,-11,-7,-2,-5,-7,-5,-5,-7,-5,-6,-7,-5,-7,-10,-9,-9,-7,-6,-6,-5,7,13,7,8,0,4,5,0,-5,-7,3,8,-1,-4,0,-5,-5,-3,-4,-5,-6,-8,-7,-6,-4,-3,-5,-10,-8,-7,-4,-8,-7,-6,-8,-8,-8,-6,-8,-7,10,3,6,7,5,5,10,5,1,-7,-4,3,1,-5,-4,-1,-2,0,-1,-6,-3,-9,-7,-6,-8,-1,-6,-10,-5,-4,-4,-5,-9,-9,-6,-6,-8,-9,-8,-8,10,5,9,6,8,7,9,4,2,-5,3,6,2,0,1,-3,-3,0,-1,-7,-4,-7,-6,-11,-7,-6,-6,-12,-5,-5,-7,-7,-8,-8,-7,-8,-9,-9,-7,-7,8,6,13,9,5,10,8,-3,0,-6,4,8,0,-2,0,-1,-6,-4,-3,-6,-7,-9,-9,-8,-5,-4,-7,-9,-5,-10,-4,-8,-9,-6,-8,-7,-9,-10,-7,-7,12,6,10,5,1,7,1,3,-5,-3,0,0,-6,-12,0,-6,-7,-2,0,-7,-5,-6,-7,-4,-6,-3,-7,-7,-8,-9,-5,-6,-10,-12,-6,-7,-12,-6,-8,-8,10,5,12,3,5,4,-2,3,-4,0,2,4,-4,-2,1,-1,-9,-1,0,-6,-3,-11,-6,-7,-6,-3,-6,-11,-6,-9,-11,-11,-8,-8,-8,-8,-7,-8,-9,-6,13,7,6,0,0,5,7,0,-1,-1,-3,0,-6,-14,-4,0,-7,-1,2,-5,-6,-8,-8,-5,-5,-4,-4,-7,-7,-4,-5,-7,-6,-7,-5,-9,-8,-6,-6,-6,7,7,12,11,5,8,3,-4,-2,-9,1,5,-1,-2,-1,-6,-7,3,4,-6,-5,-7,-8,-6,-5,-6,-7,-8,-11,-7,-5,-8,-10,-9,-6,-8,-10,-10,-9,-6,9,10,8,4,4,4,0,2,0,-1,0,4,-5,0,1,-1,-4,-4,-3,-8,-8,-9,-5,-3,-4,-4,-8,-11,-9,-7,-7,-10,-14,-6,-8,-8,-8,-5,-7,-6,10,9,7,7,3,11,11,5,-2,-9,-1,0,-1,-2,1,-2,-10,-3,-3,-5,-6,-4,-2,-3,-9,-10,-6,-6,-7,-6,-8,-8,-10,-8,-7,-10,-13,-9,-6,-5,13,0,9,4,0,-2,3,-2,1,0,0,5,0,-4,1,-4,-5,0,2,-7,-7,-8,-6,-5,-6,0,-6,-12,-9,-11,-6,-8,-7,-8,-7,-7,-8,-8,-7,-8,7,6,4,0,-1,4,1,-4,3,2,-2,1,-4,-4,-1,-7,-8,2,-3,-8,-10,-10,-7,-11,-9,-5,-6,-9,-6,-8,-7,-9,-9,-8,-7,-8,-7,-7,-6,-6,9,12,13,10,5,6,8,5,1,-10,0,7,-1,-10,2,0,-11,-1,0,-4,-9,-6,-5,-5,-7,-8,-7,-9,-4,-6,-6,-5,-9,-8,-8,-9,-7,-9,-6,-6,15,2,8,7,6,3,7,3,0,-2,2,4,0,-1,-1,-4,-11,-1,1,-4,-1,-7,-8,-7,-7,-5,-6,-12,-5,-8,-8,-11,-10,-8,-7,-9,-6,-5,-6,-6,6,12,4,7,5,6,7,-1,-4,-1,0,4,-2,-4,1,-4,-5,1,-1,-6,-6,-7,-11,-7,-5,-7,-6,-9,-10,-9,-8,-7,-8,-10,-9,-11,-8,-6,-7,-5,20,7,9,6,3,2,3,3,0,-3,-2,0,1,-11,0,0,-4,-3,-2,-10,-7,-6,-9,-9,-6,-6,-8,-9,-12,-8,-11,-8,-10,-8,-6,-9,-10,-5,-7,-7,12,7,0,0,0,-1,-3,-1,-4,-10,2,2,-8,-4,2,-1,-5,0,0,-8,-12,-10,-8,-6,-9,-4,-4,-10,-5,-9,-8,-9,-9,-9,-8,-8,-8,-5,-4,-7,6,10,10,4,2,5,5,0,-3,-6,-2,0,-5,-7,-1,0,-9,-3,-2,-5,-8,-4,-7,-9,-8,-8,-6,-10,-6,-7,-7,-9,-9,-10,-11,-11,-11,-9,-8,-7,16,6,10,5,2,12,8,0,-6,-5,-4,0,1,0,-1,-3,-5,-1,4,-8,-9,-6,-5,-2,-6,-7,-8,-9,-10,-12,-11,-5,-6,-10,-8,-9,-8,-7,-5,-5,13,6,9,11,9,7,6,2,-1,-3,-4,-1,0,-4,-1,-2,-7,-2,-2,-4,-7,-6,-7,-6,-9,-5,-5,-10,-7,-10,-9,-8,-9,-6,-8,-8,-9,-6,-6,-6,5,5,4,1,4,5,1,-3,-5,2,0,3,-1,-7,1,0,-10,0,4,-9,-9,-4,-2,-6,-5,-8,-5,-11,-10,-10,-7,-6,-6,-8,-8,-9,-8,-10,-10,-7,1,2,7,7,7,11,3,3,0,-3,0,-1,0,0,-2,-5,-10,-8,-4,-6,-13,-7,-5,-6,-7,-6,-6,-6,-8,-10,-8,-8,-9,-8,-8,-9,-9,-9,-11,-8,10,11,7,8,7,15,12,5,1,-6,1,0,-10,-1,-2,-3,-4,3,3,-10,-14,-6,-7,-5,-6,-6,-4,-9,-7,-9,-6,-6,-6,-8,-10,-8,-7,-11,-5,-6,10,9,10,6,-2,8,3,3,1,-1,-4,-4,-3,-9,0,-3,-5,-3,0,-5,-13,-12,-7,-5,-3,-8,-6,-11,-5,-10,-6,-6,-7,-11,-7,-8,-9,-11,-7,-6,10,5,4,-2,2,8,0,-8,-5,-6,0,2,0,-9,-5,-3,-8,-2,-2,-11,-6,-8,-7,-6,-6,-6,-7,-9,-8,-7,-7,-8,-7,-10,-7,-9,-8,-7,-8,-6,11,13,6,-1,3,4,2,0,5,-6,0,1,-2,-5,0,-9,-5,1,1,-7,-7,-5,-4,-5,-11,-9,-9,-14,-9,-8,-4,-6,-8,-8,-8,-9,-9,-9,-6,-6,12,0,10,6,4,10,8,2,3,-4,-6,1,-4,-6,1,-5,-3,2,-1,-7,-11,-7,-7,-6,-12,-7,-6,-11,-5,-7,-6,-6,-10,-10,-9,-8,-8,-8,-9,-6,12,0,5,9,7,4,8,0,1,-6,-3,4,-1,-4,-1,-2,-6,-1,-1,-8,-14,-10,-8,-7,-8,-4,-5,-12,-11,-13,-8,-8,-12,-11,-9,-10,-8,-8,-7,-7,13,3,4,9,3,5,1,-9,-12,-7,-1,3,-8,-2,-4,-4,-6,-1,1,-4,-9,-10,-7,-8,-7,-4,-4,-11,-8,-9,-12,-9,-7,-9,-11,-12,-8,-8,-7,-6,6,-9,7,7,3,3,4,1,-8,-7,-2,0,1,-6,2,0,-6,0,-7,-11,-10,-9,-5,0,-6,-10,-7,-10,-7,-9,-9,-8,-6,-6,-8,-9,-10,-8,-8,-10,7,9,11,8,6,3,0,-2,-5,-8,0,1,1,-3,4,0,-4,0,-3,-9,-11,-5,-9,-2,-6,-8,-9,-14,-13,-8,-5,-10,-7,-9,-7,-9,-10,-8,-8,-8,11,7,0,4,1,5,0,0,-8,-7,-1,-1,0,-1,1,-1,-4,-3,0,-10,-13,-6,-6,-4,-9,-6,-6,-7,-9,-11,-9,-6,-8,-9,-9,-8,-8,-7,-7,-7,8,4,9,0,0,7,-1,-6,-5,0,-2,1,-10,-8,-1,-6,-7,-1,3,-5,-13,-10,-4,-2,-8,-5,-6,-9,-8,-10,-7,-10,-8,-10,-9,-7,-10,-7,-9,-8,1,13,8,0,3,9,6,4,1,-9,-5,2,-1,-1,0,0,-11,0,0,-7,-5,-7,-6,-6,-11,-7,-8,-11,-8,-7,-6,-8,-8,-10,-10,-8,-9,-8,-9,-8,19,3,3,4,2,5,5,1,-2,-3,-3,-2,-4,-4,-7,-1,-5,-1,-1,-7,-7,-7,-8,-5,-9,-9,-4,-9,-8,-10,-9,-10,-11,-9,-6,-7,-9,-9,-8,-9,13,3,6,2,9,9,7,6,0,-1,-1,-3,0,-4,0,-4,-4,-2,0,-8,-6,-4,-6,-9,-5,-7,-8,-11,-8,-5,-8,-6,-9,-12,-7,-6,-7,-9,-6,-7,13,8,5,2,3,5,4,-3,-1,-2,-7,-4,-3,-5,1,-1,-4,-2,-3,-8,-7,-7,-9,-10,-11,-9,-12,-10,-9,-6,-7,-8,-10,-11,-10,-9,-6,-7,-6,-7,9,6,5,5,8,9,9,-2,-3,-3,-4,0,-3,-3,-2,-6,-7,-3,-1,-8,-9,-6,-5,-1,-3,-7,-7,-14,-12,-10,-4,-6,-6,-7,-8,-12,-11,-8,-7,-7,16,9,9,3,4,6,7,-2,-5,-5,-5,0,0,-1,-1,-10,-11,-3,-1,-6,-9,-9,-7,0,-5,-6,-6,-8,-7,-8,-9,-8,-11,-8,-8,-8,-8,-8,-8,-6,14,11,0,4,-3,4,8,5,-2,-7,0,-1,-4,-8,0,-1,-10,-3,-1,-5,-8,-10,-9,-8,-9,-8,-6,-13,-9,-9,-7,-7,-9,-9,-9,-9,-8,-10,-7,-7,13,1,2,9,1,2,6,3,-2,-8,-1,5,0,-1,4,1,-6,0,0,-11,-10,-9,-10,-5,-5,-6,-5,-9,-9,-6,-8,-10,-11,-14,-9,-11,-11,-9,-8,-8,15,14,10,6,8,4,6,1,1,-5,0,6,0,-1,-2,-6,-4,-4,-3,-8,-8,-8,-9,-7,-11,-9,-9,-10,-6,-11,-9,-11,-7,-9,-9,-10,-8,-7,-8,-7,6,10,5,3,-4,6,3,-2,-3,-2,3,5,0,-4,-2,-2,-3,-2,1,-3,-11,-8,-6,-6,-9,-8,-9,-9,-9,-7,-8,-6,-11,-5,-8,-10,-8,-9,-9,-7,14,2,6,10,5,3,1,-8,-3,-4,-3,-2,-8,-11,-5,-8,-7,-3,-3,-7,-4,-6,-9,-6,-7,-3,-4,-10,-6,-7,-11,-8,-9,-8,-7,-8,-10,-7,-8,-7,10,12,6,8,9,10,2,-1,-1,-5,-1,2,-4,-9,0,0,-7,-3,-5,-6,-8,-9,-8,-5,-7,-7,-8,-9,-11,-7,-8,-8,-9,-10,-7,-8,-10,-7,-6,-6,8,9,8,8,1,6,3,0,-1,-6,-1,-1,-1,-9,-1,-7,-9,-5,-7,-9,-11,-8,-9,-11,-9,-6,-6,-10,-7,-11,-9,-8,-10,-10,-7,-9,-9,-10,-12,-7,14,4,1,-2,1,5,-6,-1,-7,-12,-1,2,-5,-2,-3,-8,-6,-2,-2,-6,-12,-12,-8,-5,-7,-7,-7,-8,-7,-8,-7,-8,-12,-9,-8,-9,-8,-6,-6,-8,9,4,5,-6,1,5,0,-5,0,-11,-2,0,-2,-5,-1,-3,-4,-1,0,-8,-13,-6,-6,-2,-6,-4,-6,-10,-7,-10,-8,-10,-11,-13,-8,-10,-11,-7,-8,-9,15,10,10,10,2,0,0,-2,-2,-11,-1,7,3,-6,-4,-2,-7,-2,1,-8,-9,-7,-11,-6,-8,-5,-7,-11,-6,-6,-7,-7,-10,-12,-10,-11,-9,-12,-9,-7,9,2,-3,1,5,0,-4,-1,-2,-4,1,0,-6,-4,-2,-3,-10,-2,-2,-8,-8,-7,-6,-10,-11,-6,-10,-14,-10,-9,-9,-9,-7,-9,-8,-8,-9,-11,-9,-6,13,10,10,7,0,1,6,6,-1,-8,4,1,-7,0,0,0,-5,-2,1,-5,-6,-5,-3,-4,-5,-7,-10,-13,-9,-8,-6,-9,-9,-11,-11,-10,-8,-11,-8,-9,17,8,4,0,-4,3,5,-3,0,2,-4,0,-3,-6,-1,-7,-7,-2,3,-6,-6,-6,-5,-3,-6,-9,-8,-11,-8,-9,-11,-9,-8,-10,-11,-10,-12,-10,-9,-8,17,3,6,7,-1,-2,7,-1,-8,-2,-3,-1,-5,-2,-2,-2,-9,-5,0,-8,-8,-8,-4,-5,-6,-3,-5,-10,-8,-8,-10,-10,-7,-11,-11,-9,-8,-8,-9,-7,9,7,0,-2,-1,0,0,-2,-5,-5,-1,2,-1,-2,-3,-7,-6,-1,-2,-10,-10,-9,-6,-3,-7,-3,-3,-9,-9,-8,-8,-10,-9,-11,-6,-9,-7,-8,-7,-7,6,6,8,3,2,-2,-3,1,0,-12,-5,0,-4,-5,0,0,-8,1,2,-7,-6,-5,-7,-6,-8,-6,-9,-12,-13,-11,-9,-11,-10,-11,-6,-10,-13,-11,-8,-5,14,12,7,5,10,4,2,-2,-2,-12,0,1,0,-3,0,-1,-10,-6,-5,-7,-7,-5,-11,-3,-4,-5,-9,-10,-6,-11,-7,-5,-5,-8,-8,-11,-10,-8,-9,-8,15,10,8,7,4,-2,-2,-6,-5,-5,1,2,0,-10,-4,-4,-4,-5,-1,-9,-7,-9,-7,-6,-7,-6,-7,-10,-6,-9,-8,-8,-10,-9,-8,-7,-9,-10,-9,-6,18,-2,-5,-2,3,7,3,1,-3,-13,-11,-1,3,-3,0,-2,-7,-1,-1,-6,-10,-8,-4,-4,-9,-9,-9,-11,-10,-12,-10,-10,-7,-8,-9,-9,-8,-8,-7,-8,12,11,7,1,7,6,1,4,0,-6,-3,2,0,-2,-1,-4,-5,0,-2,-8,-10,-12,-6,-6,-10,-10,-10,-15,-11,-11,-8,-6,-8,-9,-10,-10,-10,-9,-6,-7,10,5,-1,6,5,1,0,-2,-2,-6,-1,0,-3,-11,-3,-4,-10,-6,-3,-9,-10,-7,-5,-6,-10,-9,-8,-9,-8,-8,-8,-6,-8,-8,-8,-9,-9,-8,-10,-6,6,6,-1,1,-3,3,6,-1,-1,-7,-4,0,-3,-3,2,-4,-10,-6,-11,-13,-10,-10,-6,-6,-5,-5,-7,-12,-8,-10,-8,-7,-7,-9,-8,-11,-10,-9,-6,-7,11,8,2,8,2,7,4,0,-3,-5,-3,3,1,-3,1,-1,-3,-1,-10,-10,-14,-11,-9,-8,-6,-6,-6,-12,-9,-9,-7,-6,-11,-9,-11,-7,-7,-8,-8,-8,7,5,8,6,0,3,-4,-2,-5,-4,-2,2,-7,-8,-1,-3,-13,-5,0,-6,-11,-9,-7,-6,-9,-9,-9,-14,-9,-7,-6,-11,-7,-9,-8,-6,-9,-9,-7,-8,9,10,3,5,5,5,-7,-7,-9,-11,-3,-1,-1,-7,1,0,-6,-6,-2,-7,-15,-6,-4,-8,-10,-9,-7,-10,-10,-9,-13,-10,-7,-10,-8,-8,-9,-9,-7,-8,5,10,1,-3,-1,3,1,-2,-5,-5,0,-5,-2,-1,-2,-4,-3,0,-1,-14,-9,-9,-10,-4,-7,-7,-6,-11,-9,-10,-4,-9,-9,-9,-8,-7,-10,-8,-9,-8,8,7,10,5,4,7,2,-5,-13,-12,-6,-4,-14,-7,0,0,-5,0,0,-6,-7,-5,-8,-7,-6,-8,-9,-12,-12,-10,-8,-8,-7,-7,-9,-10,-10,-9,-7,-7,13,9,2,5,5,5,-1,-9,-4,-5,-3,-6,-2,-4,0,-1,-7,-5,2,-2,-7,-8,-7,-7,-6,-8,-9,-12,-10,-9,-6,-10,-9,-11,-11,-10,-9,-10,-8,-7,8,7,9,2,0,5,0,-8,-9,-3,-3,4,-8,-7,-2,-5,-6,-5,-3,-6,-10,-7,-5,-4,-8,-5,-6,-8,-9,-11,-7,-7,-11,-9,-10,-9,-9,-8,-6,-6,11,11,9,8,1,8,2,-3,-6,-1,0,-1,-2,-3,-1,-1,-4,-2,-7,-11,-6,-7,-6,-7,-7,-8,-9,-14,-12,-10,-8,-7,-7,-8,-8,-7,-10,-11,-8,-7,2,9,0,0,10,11,0,0,-3,-3,-10,-2,-9,-5,-1,-5,-6,-2,1,-7,-6,-6,-8,-7,-6,-3,-8,-11,-10,-8,-7,-6,-10,-9,-8,-7,-8,-7,-5,-6,16,1,3,1,0,-1,0,1,-5,-14,-5,-1,-2,-5,-1,-3,-4,0,0,-2,-8,-10,-8,-7,-7,-2,-8,-9,-11,-10,-11,-9,-9,-8,-9,-9,-10,-7,-7,-7,8,10,4,6,2,4,-1,-5,-6,-4,1,0,2,1,0,-2,-5,0,-6,-6,-5,-6,-5,-7,-5,-5,-5,-9,-11,-7,-8,-8,-9,-11,-9,-10,-9,-7,-6,-8,13,3,7,0,3,8,-3,-5,-9,-5,0,0,-3,-1,-3,-5,-6,2,1,-5,-10,-7,-4,-4,-7,-8,-5,-9,-9,-10,-9,-8,-8,-9,-8,-10,-9,-8,-6,-7,9,-3,6,-1,2,0,1,-3,-8,-2,1,4,-1,-6,-5,-6,-4,-1,0,-6,-10,-8,-9,-6,-9,-6,-11,-11,-10,-10,-6,-9,-8,-7,-10,-8,-9,-9,-7,-6,7,9,3,4,0,2,1,1,-2,-1,0,3,-4,-8,1,-2,0,0,-5,-10,-13,-8,-8,-5,-9,-7,-9,-12,-7,-7,-6,-7,-10,-10,-9,-10,-9,-9,-7,-8,14,6,4,1,3,7,0,-5,-2,-10,-4,0,0,-11,-2,-5,-3,-1,1,-5,-11,-8,-5,-5,-9,-3,-5,-11,-11,-8,-7,-3,-9,-7,-9,-6,-8,-8,-9,-10,12,3,6,3,6,0,-8,-7,-8,-7,-5,-1,0,-6,-2,-2,-11,-3,1,-4,-8,-7,-9,-6,-9,-10,-9,-10,-9,-13,-13,-10,-10,-9,-9,-8,-10,-9,-8,-8,1,5,6,5,7,6,1,1,0,-6,-5,1,2,-4,0,0,-4,0,-1,-8,-6,-9,-8,-3,-5,-10,-10,-12,-8,-7,-10,-7,-7,-9,-10,-9,-9,-6,-5,-7,6,2,6,2,7,7,5,-5,-6,-4,-1,0,-7,-9,-5,-4,-3,0,-1,-5,-10,-9,-8,-8,-5,-9,-9,-13,-7,-10,-8,-8,-8,-7,-9,-8,-7,-6,-6,-7,13,-9,0,0,-2,0,6,-3,-6,-5,-8,1,-7,-4,0,-2,-3,0,0,-6,-11,-8,-4,-3,-5,-9,-14,-14,-11,-9,-8,-9,-10,-9,-6,-9,-7,-6,-8,-9,6,7,0,5,6,4,0,2,-3,-8,-8,0,-3,-4,5,2,0,-2,-2,-8,-12,-9,-7,-6,-8,-5,-9,-10,-11,-6,-7,-9,-9,-9,-8,-11,-9,-6,-9,-9,4,7,2,-9,0,7,4,-3,-9,-7,-7,0,0,-3,2,-5,-6,0,2,-5,-11,-10,-4,-4,-6,-2,-8,-16,-10,-10,-9,-10,-9,-10,-10,-11,-8,-9,-8,-7,18,8,5,6,-2,0,-1,3,-2,-7,-3,0,-2,-8,3,-1,-5,-3,-3,-7,-9,-11,-5,-2,-7,-6,-6,-9,-8,-8,-10,-8,-7,-8,-11,-9,-8,-10,-8,-5,18,10,8,0,-6,-2,3,2,-8,-7,-2,-1,-5,-11,-4,-4,-2,-1,0,-5,-8,-6,-5,-8,-4,-4,-10,-13,-8,-7,-11,-11,-7,-8,-9,-9,-12,-8,-8,-10,12,1,4,0,-3,2,7,4,-5,-9,-3,0,-3,-3,2,-1,-7,-3,-3,-8,-9,-13,-4,-5,-6,-12,-7,-10,-10,-8,-9,-8,-7,-8,-8,-10,-8,-8,-10,-8,5,1,2,6,1,2,-3,0,1,0,0,-2,0,-3,4,-3,-6,-4,-4,-11,-15,-14,-8,-6,-8,-10,-5,-11,-8,-12,-13,-9,-6,-11,-8,-9,-8,-7,-9,-8,4,6,3,2,4,0,-2,-10,-8,-10,-5,1,2,2,2,-5,-2,-2,-2,-6,-11,-6,-7,-2,-9,-10,-6,-10,-8,-6,-6,-9,-9,-8,-9,-8,-8,-5,-7,-6,12,8,10,2,5,3,5,2,-3,-2,-6,3,5,-6,0,-2,-3,0,2,-7,-11,-7,-6,-4,-8,-6,-9,-13,-11,-6,-8,-8,-8,-8,-6,-8,-8,-10,-7,-7,5,7,5,7,4,7,2,-3,0,-1,0,5,0,-6,2,-5,-7,-1,-2,-6,-5,-6,-8,-7,-4,-7,-8,-8,-6,-7,-7,-8,-9,-7,-6,-9,-8,-7,-6,-5,1,-2,9,9,1,3,-1,-3,-2,-11,-5,-4,-8,-11,0,-3,-6,0,-3,-7,-9,-10,-9,-9,-9,-11,-11,-14,-10,-8,-7,-8,-6,-8,-8,-9,-7,-7,-7,-6,13,12,12,10,5,3,2,0,-8,-9,0,-3,0,-5,-3,-1,-6,0,0,-5,-7,-7,-4,-5,-7,-8,-8,-16,-9,-6,-9,-10,-9,-8,-10,-8,-10,-10,-8,-8,11,10,4,8,1,6,3,0,-4,-5,-8,0,-1,-3,0,-2,-6,-2,1,-3,-8,-10,-6,-7,-11,-10,-7,-14,-10,-11,-12,-9,-7,-7,-6,-9,-8,-8,-9,-7,12,-9,0,2,2,4,7,2,-4,-8,-3,0,-3,-11,-5,-6,-7,-7,-7,-8,-7,-8,-5,-6,-7,-5,-9,-14,-11,-9,-7,-9,-7,-9,-12,-11,-8,-9,-7,-5,3,3,1,5,11,7,5,0,0,-8,-3,2,0,-6,-1,-2,-6,1,1,-6,-8,-9,-6,-5,-7,-7,-9,-11,-9,-7,-7,-10,-9,-9,-8,-6,-8,-9,-9,-7,9,2,6,7,3,1,-4,-1,-10,-5,0,-1,0,-7,0,-1,-4,-3,-1,-4,-7,-5,-4,-5,-4,-6,-6,-11,-13,-11,-11,-8,-10,-10,-11,-8,-8,-6,-7,-6,1,0,6,7,4,1,0,-4,-11,-8,-1,-1,-6,-6,0,-2,-4,-6,-9,-7,-5,-3,0,-4,-6,-6,-8,-12,-7,-8,-6,-8,-11,-8,-9,-11,-9,-7,-7,-7,6,9,6,4,3,3,2,-4,-7,-12,-3,2,0,0,3,0,-5,-4,-4,-2,-9,-6,-8,-7,-4,-8,-9,-10,-5,-9,-7,-7,-6,-10,-6,-7,-8,-8,-9,-5,8,-6,6,7,9,4,6,-1,-8,-5,-1,7,0,-4,-2,-5,-10,-4,-2,-7,-5,-8,-6,0,-9,-6,-5,-10,-8,-9,-9,-10,-11,-9,-9,-10,-10,-7,-9,-8,1,7,9,0,3,3,0,-5,-5,-9,-3,-1,-1,-7,1,-2,-7,-2,-2,-7,-9,-4,-6,-4,-6,-8,-8,-12,-7,-12,-9,-8,-9,-9,-7,-8,-8,-9,-9,-8,13,11,3,0,4,6,1,-11,-7,-5,-1,-2,-7,-2,2,-2,-3,-2,1,-2,-4,-8,-5,-2,-10,-8,-7,-11,-7,-9,-7,-7,-6,-10,-8,-8,-8,-6,-8,-8,3,-1,4,-6,-4,8,4,-5,-8,-4,-1,1,-8,-7,-4,0,-5,0,0,-4,-2,-4,-7,-3,-8,-4,-5,-9,-7,-8,-4,-9,-7,-7,-8,-8,-7,-6,-7,-8,11,7,8,1,-12,1,2,0,3,-4,-4,3,4,-5,-4,-4,-6,-6,-3,-6,-10,-9,-5,-4,-8,-3,-6,-11,-9,-8,-8,-11,-10,-10,-11,-11,-10,-10,-6,-7,-1,3,2,-4,5,10,2,0,-5,-2,0,1,-2,-7,1,-1,-6,-2,0,-9,-9,-6,-7,-5,-10,-7,-15,-14,-9,-7,-7,-10,-10,-10,-9,-8,-9,-10,-8,-5,2,2,-3,3,5,0,1,0,-3,-5,2,2,-3,-5,-4,-7,-8,-6,-1,-7,-7,-4,-3,-7,-11,-6,-6,-10,-10,-6,-7,-6,-11,-11,-8,-10,-10,-11,-10,-8,2,8,10,0,1,5,4,-3,-2,-6,-2,-1,-1,-4,-1,-1,-10,-8,-5,-7,-8,-6,-7,-7,-7,-7,-9,-12,-8,-12,-8,-9,-8,-7,-6,-8,-9,-8,-9,-7,10,-13,-1,0,2,-2,4,-1,-1,-5,-7,0,3,-5,-3,-4,-5,-2,-3,-4,-8,-5,-3,-8,-9,-8,-6,-9,-11,-11,-7,-9,-10,-9,-8,-8,-9,-10,-9,-6,3,1,5,3,6,6,1,0,-10,-6,0,-2,-7,-7,4,0,-4,0,-3,-5,-13,-12,-9,-8,-9,-10,-9,-9,-8,-7,-6,-5,-9,-7,-8,-10,-9,-8,-9,-8,8,8,1,-6,-7,-6,-5,1,-9,-14,-7,-4,-7,-4,1,-2,-8,-7,0,-6,-8,-7,-8,-6,-8,-9,-7,-10,-9,-7,-3,-6,-9,-8,-7,-9,-11,-9,-7,-8,10,-5,4,6,1,8,4,1,0,-9,-5,2,3,-3,-7,-3,-5,0,-2,-12,-11,-7,-7,-3,-8,-5,-8,-10,-4,-6,-9,-8,-11,-12,-10,-10,-8,-6,-7,-9,4,2,3,2,4,8,4,-2,1,-8,-6,1,2,-1,0,-5,-10,-3,0,-4,-10,-9,-8,-8,-6,-7,-9,-11,-9,-10,-9,-8,-8,-7,-5,-8,-8,-7,-6,-5,2,-3,-10,0,0,3,-5,0,0,-8,-1,-3,-3,-4,0,0,-3,-5,-3,-8,-12,-8,-8,-6,-7,-4,-9,-11,-10,-8,-9,-7,-10,-8,-7,-8,-10,-9,-5,-7,5,1,-1,6,6,4,3,-1,-2,-10,-6,-5,-1,-2,0,0,-2,1,0,-3,-7,-5,-5,-5,-5,-6,-5,-12,-11,-13,-7,-7,-9,-10,-8,-9,-9,-6,-6,-6,-3,2,4,2,5,5,4,2,-8,-12,-12,-3,0,0,4,0,-8,0,0,-9,-7,-7,-6,-6,-3,-6,-9,-13,-9,-7,-6,-6,-9,-9,-8,-9,-12,-8,-6,-6,9,5,0,0,0,6,4,4,-1,-4,0,2,0,-5,2,-4,-8,-2,0,-5,-6,-7,-9,-9,-9,-6,-7,-10,-5,-8,-8,-6,-9,-14,-9,-8,-7,-9,-7,-6,9,3,0,-1,5,3,0,-2,-8,-11,-4,1,0,0,0,-5,-3,0,-1,-7,-9,-11,-8,-3,-6,-8,-6,-10,-7,-9,-7,-7,-8,-11,-10,-10,-8,-7,-8,-8,9,10,5,-11,6,9,5,0,-6,-13,-2,1,-1,-4,3,-1,-3,-3,-4,-3,-7,-4,-3,-1,-5,-8,-13,-13,-10,-9,-11,-9,-9,-11,-11,-9,-9,-9,-7,-6,19,4,0,3,2,5,3,-8,-5,-5,0,2,-4,-4,1,0,-5,0,-7,-2,-9,-8,-11,-6,-9,-7,-6,-11,-9,-7,-8,-10,-8,-8,-11,-10,-8,-7,-9,-8,13,-1,-5,-8,0,1,-4,-1,-5,-12,-5,0,-2,-7,1,-1,-3,0,-3,-9,-9,-8,-12,-6,-5,-4,-8,-12,-11,-7,-8,-9,-11,-10,-11,-10,-7,-7,-6,-6,10,0,0,7,8,3,-3,-7,-12,-14,0,2,-1,-6,-1,0,-7,-5,-5,-4,-6,-9,-7,-5,-4,-4,-6,-10,-8,-8,-6,-11,-9,-10,-8,-11,-12,-8,-6,-9,-8,0,4,3,-4,4,5,-6,-6,-7,0,3,-3,-8,1,1,-4,-3,-1,-4,-8,-7,-5,-2,-6,-10,-8,-13,-10,-10,-11,-8,-9,-10,-8,-8,-12,-9,-7,-7,6,-2,2,2,9,7,1,2,1,-5,-3,1,1,-4,-9,-3,-5,1,1,-3,-7,-5,-6,-5,-6,-10,-10,-14,-7,-10,-8,-8,-7,-10,-9,-8,-8,-8,-8,-8,0,30,14,8,8,3,2,-2,0,0,5,0,4,6,2,0,-2,-4,-4,-3,-1,4,3,2,4,4,5,5,0,0,4,5,4,1,0,-3,0,2,0,2,0,34,16,3,4,2,3,-1,-6,-3,5,-1,0,8,6,0,-3,-4,0,-5,-6,5,5,-1,-1,-1,-2,1,2,0,-2,0,-2,-2,-2,-1,0,2,4,0,0,32,14,0,-3,0,3,0,0,0,0,-1,6,7,3,5,4,1,0,-1,-3,5,8,4,4,2,0,2,1,-3,0,0,4,0,2,4,1,1,3,1,0,24,10,3,2,2,3,0,-1,0,6,1,-3,4,-3,-3,3,3,0,-2,-2,4,4,0,1,2,1,7,5,3,1,2,0,-2,-2,-1,4,1,-1,-1,0,26,16,5,0,2,4,0,1,0,3,-4,1,11,6,4,9,2,0,-1,-6,1,0,-3,-7,-5,-1,0,0,-3,0,1,4,1,0,1,2,0,-2,-2,0,29,15,7,4,0,-2,-4,-4,-3,-3,-9,-6,6,6,2,0,0,0,-2,-4,4,5,2,2,2,2,4,8,0,2,3,0,-1,0,0,3,0,0,-2,0,34,18,5,2,0,6,-1,0,3,3,0,5,4,1,0,0,0,0,1,-1,2,0,0,-1,0,4,4,6,-1,2,3,1,1,1,-1,0,-2,-2,-1,0,29,10,5,-1,-4,-2,-2,-2,2,8,1,3,5,2,-1,0,0,0,0,-5,0,4,0,1,3,0,1,5,0,0,-3,-2,-3,-3,-4,-2,0,0,-2,0,28,13,3,-1,2,5,2,3,-3,0,-2,-3,0,-3,-1,0,-2,-1,-5,-3,0,5,3,0,0,1,4,4,-2,-1,0,-1,-2,0,1,1,0,0,0,0,33,14,5,3,-3,2,2,1,4,3,0,0,2,3,1,3,0,-2,-7,-1,2,4,-1,0,1,4,2,2,0,0,1,-1,0,-6,-5,1,1,1,-1,0,37,15,6,2,0,-1,-3,0,-3,3,-1,0,3,0,1,6,1,0,0,0,0,3,1,-4,-3,2,2,0,-4,0,-1,-1,1,1,0,-1,2,0,1,0,36,12,1,1,1,1,0,0,-1,-1,0,2,6,6,1,2,1,0,-2,-1,6,5,1,2,1,7,7,3,-2,0,0,1,4,1,0,-1,0,0,1,0,29,16,4,0,0,2,-4,-5,-2,5,-2,-2,1,1,1,0,0,2,-3,-4,8,8,0,-8,-6,-2,0,-1,0,2,-2,-1,-1,-1,-4,0,1,-5,-2,0,32,23,11,-1,-3,0,0,5,4,5,0,0,6,5,1,0,0,3,3,1,0,4,4,-3,-1,0,0,2,0,2,-1,-3,0,0,1,1,-2,-2,-1,0,34,17,4,0,4,2,-4,-4,-1,1,-4,0,2,4,-1,-2,-2,-2,-1,0,4,5,3,-2,-1,1,5,6,1,1,4,3,0,0,-1,0,-1,0,2,0,33,16,5,-1,-1,3,0,1,6,5,-2,8,3,-2,0,3,2,6,-1,-2,3,2,0,-2,-4,3,1,5,4,2,1,0,0,1,0,1,2,0,3,0,32,11,0,-5,0,4,0,1,1,5,-6,-5,5,8,0,4,5,0,1,2,5,1,0,-1,-1,1,0,0,-2,-3,-2,0,-2,-1,-4,-1,-1,-2,2,0,30,18,5,2,3,2,2,-4,-3,2,-6,0,9,8,0,3,-1,-4,-2,3,7,7,3,4,1,-2,1,2,-2,2,1,1,0,2,0,3,1,0,0,0,35,10,-2,0,-2,0,-3,0,0,0,-5,0,4,3,1,0,0,-1,-8,-2,5,5,1,1,-1,0,2,2,-2,0,-2,-4,-3,0,0,1,0,1,3,0,30,11,5,3,-1,2,-1,-6,-2,-1,1,6,8,9,2,1,2,1,0,-2,-1,0,-2,-2,0,0,3,0,0,1,0,2,1,3,2,0,2,0,1,0,34,17,4,0,-2,-3,-2,0,-2,0,-3,4,2,0,-4,0,1,-1,-4,-2,4,5,0,-4,-3,0,0,1,-2,2,3,0,0,-2,-1,-1,1,1,-1,0,32,14,2,0,1,-2,0,0,-1,6,1,-1,2,4,3,-2,4,3,-3,-3,0,4,-3,0,0,-1,0,-2,-7,-1,-3,-1,0,0,0,0,-2,-2,-2,0,36,17,4,-1,0,3,0,-2,1,10,1,3,7,1,-1,2,5,2,0,-1,5,3,-1,-6,-2,0,4,5,0,4,3,1,2,0,0,0,1,-2,0,0,31,13,0,-7,-6,-1,-2,0,-4,3,0,0,0,2,5,6,5,-4,-3,0,2,3,0,-2,-1,-3,2,5,1,-1,0,0,0,0,-5,-1,0,-1,0,0,28,11,-2,1,-1,5,2,0,0,4,0,3,6,6,0,-4,-1,-1,-2,-1,3,0,-4,-4,-1,3,5,2,0,1,0,-1,3,0,-1,-1,-1,1,3,0,28,7,0,2,-4,-4,-4,-2,-3,1,-3,-1,5,4,2,6,1,-1,0,0,6,10,1,-1,-1,0,3,2,-2,1,4,-1,0,0,0,0,-1,2,3,0,35,11,-1,0,2,5,0,3,-1,-2,1,5,3,5,-1,1,0,0,2,2,3,2,-1,0,-1,-3,-1,2,-3,-3,0,0,-1,-1,-3,-2,0,0,-4,0,38,15,3,2,1,3,-4,0,2,6,-2,8,7,1,5,2,0,0,-3,-2,5,5,-3,-7,-3,2,-1,3,-1,0,0,0,-2,-1,0,1,2,1,1,0,26,3,-4,1,0,2,3,0,1,4,-1,1,3,3,2,4,7,4,0,-1,1,4,1,-1,0,4,6,5,3,0,0,0,2,0,0,0,-1,1,4,0,36,15,4,-3,2,7,-4,0,0,6,2,3,5,-2,0,1,-4,-3,0,1,4,4,0,-4,-4,-3,0,1,-1,-1,0,0,0,1,0,0,0,0,1,0,28,12,0,-3,-1,0,1,1,5,5,2,4,4,-5,-2,4,1,-1,0,3,5,4,2,-2,-1,3,6,3,-5,-3,0,-2,0,-1,-3,0,1,0,0,0,28,5,-3,-1,0,5,6,3,0,0,0,0,6,9,4,4,5,3,-1,-1,5,5,0,-4,-1,5,5,2,-2,1,2,0,-2,-4,-2,1,-1,-2,-2,0,23,9,-2,-7,-5,1,4,1,0,0,-3,0,5,4,1,2,0,6,6,0,7,3,-2,-6,-6,-4,0,1,1,0,2,2,0,0,0,0,0,2,2,0,34,14,6,0,-1,3,0,-3,-2,2,-5,2,2,0,0,0,0,1,-1,1,4,6,1,-1,-3,0,1,1,-1,0,-1,2,2,0,1,1,0,-1,-1,0,30,11,1,1,0,-2,-5,-2,-5,-2,-7,-2,5,7,2,4,2,-1,-1,3,11,9,4,-4,-7,0,2,2,0,1,2,0,-2,-1,-2,-3,-1,-1,0,0,40,19,6,-1,-4,0,-1,-2,1,3,-6,-2,3,5,7,3,-4,0,-3,0,4,6,2,-2,-5,0,4,1,-2,0,0,-1,0,1,0,-2,1,0,1,0,33,23,1,-4,0,3,6,8,2,1,-5,0,3,1,-1,-5,2,2,-1,-4,2,5,1,0,0,4,2,3,2,1,0,0,0,3,2,2,0,1,0,0,32,10,3,1,1,6,3,0,-1,-4,-5,0,7,3,0,0,0,-1,1,-1,4,2,1,1,0,-1,0,2,0,-2,0,-1,0,0,-1,1,-2,-2,0,0,37,14,4,4,-1,3,0,4,8,8,-1,-3,0,4,4,0,0,-1,-5,-4,6,9,1,-4,0,5,2,0,-4,2,1,-1,0,0,1,-2,-3,-1,-1,0,34,22,9,0,-1,2,-2,0,-1,1,0,0,3,4,5,5,5,2,-2,1,6,5,0,0,1,5,5,2,-2,0,1,0,1,1,0,0,0,-1,1,0,37,13,0,0,3,1,-1,0,1,6,-2,1,8,7,0,1,4,0,-3,-3,5,7,1,-6,-5,1,5,1,0,0,3,0,0,1,0,0,0,-2,0,0,37,16,4,0,-2,0,0,-1,-1,5,0,5,6,3,4,4,0,-4,-6,-4,2,4,-1,-2,1,-1,3,0,0,-1,1,0,-2,-1,-1,0,1,0,1,0,34,12,1,-1,0,2,-5,1,0,1,-7,0,8,-2,0,0,2,0,-1,-5,1,7,3,0,-4,1,4,0,-2,2,2,0,2,1,-3,-1,0,-1,-1,0,35,17,3,-1,-3,-1,-6,0,0,3,0,3,6,-2,-2,3,-4,-2,-1,-4,0,1,-1,-4,-2,0,3,0,-4,0,0,-3,-3,0,-1,-1,2,2,0,0,34,21,5,-2,-1,4,2,0,-2,1,-3,8,13,6,1,0,4,4,0,0,7,7,-1,-3,1,2,3,0,-3,-1,1,1,0,2,0,0,1,0,0,0,28,10,3,-6,-7,-1,-4,0,2,3,0,5,7,6,3,0,0,4,0,-3,0,4,0,-2,0,1,4,5,1,1,0,-6,-3,-1,-1,0,0,-4,-2,0,32,13,5,2,-2,0,-3,-4,5,2,0,7,7,0,2,0,-1,1,-5,-5,-2,-2,-5,-2,-1,0,1,3,1,3,2,-1,-2,0,1,1,0,0,0,0,34,17,6,-3,-6,-1,1,4,0,-3,0,1,7,7,1,-3,-3,-2,0,0,1,3,3,-2,0,5,7,4,0,0,0,0,-1,-2,-1,0,3,0,0,0,29,11,5,-2,-4,3,0,0,1,5,2,8,9,7,-2,-3,4,5,0,4,6,2,-3,-3,-1,1,4,2,-3,0,0,-3,-2,-1,-3,-4,-3,-3,0,0,36,12,-2,0,-1,0,0,0,2,3,-1,5,8,9,5,0,2,-1,-5,0,6,8,0,-5,-5,-1,1,4,-2,0,5,0,-3,0,1,1,3,2,1,0,34,7,0,-2,-8,-3,-1,0,4,4,1,5,8,5,0,1,-1,0,-4,-4,7,5,-3,-11,-6,-1,3,4,-1,0,3,0,0,0,1,2,1,0,1,0,34,16,5,0,0,0,-2,-1,7,9,0,4,8,9,4,-1,0,-3,0,0,0,4,1,-1,0,4,6,5,0,0,0,-3,-5,-4,-1,-1,0,0,-1,0,37,16,0,0,3,0,1,1,3,0,0,5,9,9,3,1,1,1,0,-1,6,3,0,0,-1,0,1,0,-3,1,-4,-3,-2,-1,-2,0,0,-2,-2,0,29,11,2,-3,-5,-1,-5,0,7,5,-3,0,7,9,2,3,4,8,1,-1,2,2,5,-1,0,2,1,3,-2,0,1,-1,-3,-2,-1,0,-1,1,1,0,26,13,4,-2,0,-3,0,3,6,7,-6,0,9,2,-4,-4,-4,-4,-6,-6,0,2,-1,-4,-5,-1,0,0,-4,0,3,5,0,1,-1,1,-1,0,4,0,33,12,5,0,1,4,-2,0,0,3,-3,7,11,10,4,3,1,0,-1,1,5,4,0,-5,-1,3,2,-2,-6,-2,-1,0,0,-3,-2,0,-1,0,1,0,39,18,4,-1,-7,3,1,-2,-3,-3,-4,1,6,6,-1,1,0,1,-1,-2,5,7,1,-4,-5,0,2,3,-3,1,0,0,0,0,1,1,3,1,0,0,34,8,0,-4,-2,0,0,5,1,0,-3,2,8,7,2,2,3,0,-2,-3,0,3,-2,-4,-3,-1,0,0,-1,-1,0,-1,0,2,-3,0,-2,-4,0,0,28,14,3,4,-1,-1,-3,1,4,6,2,9,15,12,4,3,1,3,0,0,3,5,0,-5,-3,0,0,-3,-1,2,1,-3,-2,-3,-3,1,1,-1,0,0,26,20,5,4,2,6,0,1,2,5,2,0,3,1,-3,-1,0,0,-5,-3,3,4,3,0,-1,2,3,5,0,0,0,1,0,-2,0,0,1,-1,2,0,30,18,0,5,0,0,-2,0,3,10,0,6,6,6,-1,2,4,2,2,1,1,5,2,-1,0,4,0,1,-2,-2,-1,-3,-2,-1,0,0,2,-1,0,0,30,19,0,-1,2,6,0,-1,-4,1,-6,0,5,0,-1,1,1,-1,-3,2,4,2,0,2,0,2,3,0,-1,0,0,1,3,1,0,-1,-1,0,-2,0,24,15,0,2,5,2,-2,-2,3,3,-4,3,5,4,1,0,0,1,-2,-6,2,2,0,-2,-1,-1,0,-1,-3,1,0,0,1,0,0,-2,0,0,0,0,30,17,0,0,-1,4,0,0,0,5,2,3,4,6,3,3,0,-2,-4,-7,2,4,1,-5,-6,-2,2,4,-2,1,4,4,1,2,1,1,0,0,0,0,27,15,-1,0,-2,6,-1,-6,-6,2,-3,4,8,5,-1,-4,-3,0,-2,-1,6,9,0,-5,-5,2,2,1,0,2,1,0,-1,-2,-1,3,4,2,1,0,26,11,5,5,2,6,-2,2,4,7,0,-1,2,0,-6,-3,0,4,3,3,4,5,-4,-5,-1,0,1,0,0,0,0,3,0,1,1,-1,-1,-1,0,0,23,11,9,9,8,1,0,3,3,4,0,1,2,0,1,2,0,0,-3,-3,1,7,-1,-4,-3,0,2,2,-2,0,0,1,2,-1,0,-4,-3,0,1,0,35,14,0,-6,-2,3,-2,-2,3,6,0,0,10,4,-4,1,4,2,2,2,7,5,0,-1,0,3,5,4,-1,0,3,0,1,2,0,-1,-2,-3,-1,0,29,15,7,-1,1,9,1,1,6,11,6,5,10,4,-1,-2,-2,-3,-4,0,8,8,0,-4,-3,-2,0,0,-3,0,1,0,-2,0,0,5,1,0,3,0,38,18,8,3,3,7,2,0,-1,4,1,7,10,4,0,-1,2,-2,-3,0,2,5,-1,-3,0,1,1,0,-2,3,4,0,2,0,-2,-2,-2,-3,1,0,23,11,8,9,10,12,1,-3,-1,5,0,1,6,3,-1,2,3,2,0,4,12,8,0,0,1,-2,-1,0,0,0,2,0,0,-1,-4,0,1,0,0,0,38,14,3,0,1,4,-1,0,0,4,-1,-1,4,4,0,0,-3,0,-2,0,3,2,0,-2,-3,0,2,1,-1,0,0,1,0,0,-2,-1,-1,-2,2,0,27,12,3,0,1,5,2,-3,0,1,0,3,11,5,-3,-1,0,1,-2,-5,1,7,3,-2,-2,0,1,2,-1,-1,1,1,-1,0,0,2,1,0,0,0,33,17,6,5,12,7,-1,0,1,-1,-6,0,4,2,2,0,0,0,1,1,6,7,2,-3,0,0,2,4,1,0,1,0,0,0,-3,-1,0,-2,0,0,31,14,6,2,6,5,-1,1,2,3,-3,-2,2,7,0,0,4,-3,-1,0,4,3,-2,-10,-3,0,3,0,-1,1,2,2,1,0,-1,2,2,-1,-2,0,31,10,0,-5,-1,0,0,2,0,0,-3,4,5,5,1,-1,2,4,4,1,5,7,0,-2,-2,-2,0,0,0,1,4,0,-2,-1,0,-2,0,-1,0,0,34,12,3,1,0,2,2,-2,4,9,-3,2,12,8,3,0,-1,-3,-4,-3,5,3,-4,-2,0,0,1,0,-2,0,1,2,0,0,-2,-4,0,1,1,0,28,17,8,1,5,8,4,2,7,4,0,5,4,1,-5,0,0,-1,-5,-3,5,7,5,2,-1,2,4,-1,-3,-1,2,1,0,0,1,0,0,0,-2,0,22,9,1,-2,-2,4,-2,-2,-5,-2,-2,0,6,6,5,5,9,6,-3,-2,5,9,3,0,6,5,4,5,4,7,5,0,1,2,5,3,2,2,3,0,28,12,6,3,4,5,3,0,-1,-1,-5,1,6,2,1,0,-5,-7,-3,-3,2,4,0,0,-4,-1,1,3,0,-2,-2,-2,-2,0,-3,-1,0,-1,1,0,30,10,5,1,3,-2,-5,-2,0,0,0,1,8,4,-2,0,-8,0,2,2,4,3,0,-1,2,0,3,4,-2,-1,3,0,-2,0,1,0,1,1,1,0,36,11,0,0,4,0,-3,0,-2,-2,-1,2,5,4,0,0,-4,-1,1,-1,1,6,1,-2,-1,-1,2,3,0,1,1,0,0,0,1,2,1,0,4,0,35,14,3,0,3,5,0,-2,-4,-4,-6,1,4,3,0,2,-4,-5,-4,-1,2,2,0,-3,0,3,3,5,4,-1,2,-2,-2,0,-1,2,2,0,2,0,28,12,10,7,1,0,-1,0,2,1,-1,-1,5,2,1,2,-2,-1,-4,-3,4,2,5,-5,-1,1,3,4,0,1,2,4,0,4,-1,-4,-2,0,0,0,32,10,2,5,2,5,2,0,2,-2,-4,0,1,0,-1,3,1,-3,-3,-1,1,7,0,-3,-3,-2,2,4,-1,1,6,5,1,2,3,2,-2,-3,0,0,24,11,9,5,2,0,-3,3,7,5,-1,1,6,4,1,3,-1,-5,-3,-2,4,1,-2,-3,0,4,7,1,-3,0,0,0,0,0,1,0,0,0,0,0,32,10,5,8,5,1,-1,-1,-2,-6,-10,0,7,3,-4,0,-3,1,-3,-4,1,3,2,-3,-5,2,5,3,1,2,0,0,-3,-1,0,0,0,1,1,0,31,12,2,5,1,7,2,-1,0,2,0,-3,2,1,-2,3,0,-3,-1,-4,3,1,-1,-2,-4,-1,0,2,1,0,1,-1,0,1,1,1,-3,0,-1,0,33,12,7,5,0,0,-3,-1,-7,0,4,7,2,7,-1,-1,-1,-1,-5,-4,5,2,2,-1,-1,0,3,1,-1,0,0,0,0,-3,-2,0,0,1,-1,0,28,7,0,3,3,4,5,0,4,3,-6,0,6,0,-1,0,-1,1,0,-2,4,6,2,-1,2,4,6,5,0,-1,2,0,0,4,2,0,3,1,3,0,25,12,0,0,1,4,0,2,6,1,-2,0,2,2,-1,0,1,2,0,-7,-2,1,-2,-3,-1,1,4,6,0,-3,-1,0,0,-1,0,1,1,-1,0,0,34,16,8,5,3,0,-2,0,-3,-1,-1,0,4,3,-3,-3,-3,-6,-7,0,8,7,-1,-8,-3,2,4,3,-2,-1,1,-1,1,-2,-2,0,3,0,0,0,33,13,1,6,0,1,0,3,0,-4,-1,4,6,1,-1,1,1,-1,1,-1,4,8,3,0,0,2,4,4,-2,1,4,0,-1,1,1,3,2,-1,1,0,33,11,1,5,3,3,-3,-1,-1,0,-6,0,6,2,2,1,0,-2,-3,-4,0,2,2,-1,-5,0,2,0,-4,-1,-4,-2,0,0,-1,0,0,0,0,0,34,16,4,9,5,4,1,0,4,5,0,2,3,2,2,0,-1,-1,3,1,6,4,1,-3,0,6,5,0,-3,1,0,4,2,0,0,-1,-1,4,1,0,21,8,0,6,7,10,0,0,6,3,-1,0,5,4,2,1,2,0,-3,-3,7,8,2,-4,-3,-4,0,2,0,1,1,-2,-2,0,-1,0,0,-1,1,0,31,11,7,6,3,1,-4,1,-2,0,0,1,1,1,0,0,-3,-5,-5,-4,1,4,-2,-5,-1,1,2,0,-1,0,0,0,0,0,-1,2,1,-1,0,0,32,12,4,11,3,2,0,-4,-4,3,-1,5,10,6,0,-3,2,1,-5,-2,0,1,1,-1,3,5,4,1,0,4,3,0,0,1,2,-1,0,0,0,0,33,16,6,8,2,1,-2,-3,-2,-1,-2,4,3,0,0,0,1,0,0,0,4,3,0,-1,2,2,1,2,-2,-1,2,0,1,1,-2,1,0,0,0,0,27,5,1,3,2,0,2,0,-1,0,-6,-2,3,4,3,1,2,3,-7,-6,1,5,-2,-6,-2,5,3,0,-5,0,0,1,2,0,0,1,0,-2,1,0,31,12,5,-2,-3,0,-1,-6,-5,-3,-2,2,1,0,-2,-1,1,3,-4,-1,2,1,-2,-1,0,1,-2,0,3,3,1,1,0,0,-1,0,0,0,-1,0,36,16,8,3,1,-2,-9,-5,0,5,-3,0,7,7,1,-2,0,2,-6,-6,0,6,2,-3,-3,-1,2,0,3,2,1,-6,-3,-1,-1,0,1,-2,0,0,30,15,7,4,3,1,-3,0,3,7,-1,0,4,0,-5,0,0,-1,-7,-1,1,0,-1,-3,2,3,4,3,0,0,1,0,2,0,-4,-3,0,-3,3,0,23,10,5,4,3,5,1,0,-1,0,-3,0,7,9,5,2,0,0,-1,-2,0,0,-3,-5,-1,3,5,2,-1,2,2,2,-2,-1,1,0,1,0,3,0,30,11,2,6,5,-1,2,6,0,4,0,0,6,4,-1,-2,0,3,-1,-6,0,1,-2,-6,-6,-2,3,4,0,-1,0,-3,0,1,-1,0,2,2,4,0,32,13,4,3,3,-1,-9,-2,0,2,1,0,4,4,0,-2,-1,4,-2,-1,3,5,0,-1,0,3,7,10,1,1,0,-1,2,4,-1,0,1,1,0,0,34,14,1,3,0,4,-3,-6,0,1,-4,0,8,2,1,-1,-1,4,0,0,8,5,0,-1,1,4,3,5,0,0,0,-2,0,0,0,2,3,0,0,0,27,9,6,11,7,6,-2,-1,-2,-3,-11,1,7,5,5,2,3,-1,-3,-3,2,8,1,1,3,0,3,4,0,1,0,-4,-1,-1,2,2,-1,-3,-1,0,25,6,1,0,3,1,-1,-10,-7,1,-1,-2,2,6,0,-3,1,-3,-1,2,6,5,5,2,1,4,8,3,-1,0,5,4,4,1,-2,1,1,0,0,0,32,10,1,8,9,6,2,-6,-7,1,-3,-4,3,2,-1,0,-2,-2,-1,-3,3,3,0,-2,-4,0,4,-1,-1,1,0,1,0,1,-3,-2,3,1,0,0,26,9,2,6,6,7,0,-5,-2,2,0,2,5,5,4,-2,2,2,-3,-2,3,3,1,-1,0,0,0,-1,-1,1,1,-1,0,0,-3,-4,-2,0,-1,0,24,8,6,7,2,2,0,0,4,1,-5,-4,5,4,0,1,5,0,-9,-7,2,1,-3,-3,0,2,4,5,2,1,1,0,0,6,0,0,0,-2,-1,0,32,10,2,4,3,-1,-3,-2,-4,0,3,4,7,1,-3,-4,-3,-2,-5,-5,0,2,-5,-9,-6,-2,3,1,-2,0,2,0,-4,0,0,1,0,-1,-1,0,31,12,6,7,3,0,-1,0,5,2,2,3,5,7,2,1,0,3,0,0,4,2,3,1,2,2,4,0,-1,3,3,0,0,0,0,1,0,-2,0,0,32,13,3,4,0,-2,-4,-1,0,1,3,2,6,3,0,3,0,4,0,-1,0,4,2,-3,1,0,2,0,0,2,2,3,5,0,1,0,0,1,3,0,29,15,1,8,8,2,-5,1,0,3,6,0,4,1,1,2,1,1,0,-2,-1,1,-1,-2,0,3,4,1,-1,-2,0,0,0,0,1,-1,0,1,0,0,30,13,7,6,0,-2,0,-4,-8,5,-4,1,9,4,0,1,2,0,-1,-4,2,0,0,0,-1,2,3,0,-1,0,-1,-2,0,2,0,1,1,-1,2,0,30,16,10,7,2,6,2,-1,-1,0,0,5,11,5,-4,0,3,1,-4,-2,0,1,1,0,0,1,3,3,-2,0,0,-1,1,2,0,1,1,2,0,0,31,14,3,5,4,0,-1,2,3,6,3,6,8,2,1,2,-1,-3,-6,-2,6,6,1,-1,0,0,2,0,-3,-2,1,-2,-1,-4,-5,-2,0,-2,1,0,34,6,0,2,4,9,-4,-4,0,2,0,1,8,4,-1,0,-2,0,0,0,8,9,5,-1,0,3,7,1,-2,2,0,0,-1,-1,0,0,1,0,0,0,39,19,3,5,4,5,1,2,0,-1,0,3,4,5,0,-3,0,-1,0,0,1,3,-1,-2,-3,-1,0,2,0,0,0,-2,-2,3,0,0,3,0,2,0,29,8,0,2,6,2,2,3,1,0,-4,0,5,5,0,-1,-1,-4,-6,-5,1,0,-3,0,0,3,0,2,0,0,0,-3,0,-2,-2,-2,-2,0,-1,0,25,14,13,9,2,1,0,0,2,-2,-7,0,1,2,3,4,1,0,2,0,1,5,2,0,2,2,6,5,-2,1,0,-2,0,1,0,0,0,2,1,0,33,17,6,8,2,2,-2,-3,-2,0,-3,-1,3,4,2,4,0,-1,-2,0,5,0,-1,-5,-3,-1,3,1,-1,0,-1,0,-1,-1,-1,-1,0,0,-1,0,32,18,8,2,2,3,0,-1,0,-1,-2,2,1,1,0,0,-4,0,-2,-1,0,4,0,-3,0,2,1,4,-1,0,0,0,0,-1,-5,-2,0,0,2,0,22,10,4,5,6,9,0,0,1,0,-1,1,11,7,1,1,3,1,-1,0,5,1,1,-2,-4,-3,0,5,4,3,3,0,0,0,0,0,-1,-1,-1,0,25,4,4,6,2,7,0,-3,2,3,0,0,8,7,0,0,0,1,-2,-3,1,0,-2,-7,-1,0,2,4,2,5,2,0,0,2,0,0,6,3,2,0,33,12,7,6,9,9,1,4,-1,-2,-5,0,7,3,-3,-1,-5,-1,0,3,5,6,-1,-4,0,3,4,2,-2,2,3,-3,-1,-1,0,-1,2,0,0,0,25,9,0,3,4,0,2,2,0,1,-3,1,2,3,2,5,2,5,0,0,3,9,0,-3,-1,-3,0,0,-1,0,2,0,-2,-1,0,0,1,-1,0,0,36,8,5,8,4,1,2,2,0,5,2,0,5,0,-2,0,-2,-4,-6,-2,4,9,3,0,0,-1,0,0,2,3,3,-2,-3,-2,0,0,0,-1,0,0,31,6,5,8,2,1,3,7,4,6,1,3,6,5,-1,0,4,1,-4,-3,0,1,0,-1,3,4,8,2,-1,0,-1,-2,0,2,0,0,-1,0,2,0,28,10,8,8,2,8,2,0,1,3,0,2,5,1,0,0,1,-1,-4,-2,3,10,3,4,6,3,4,1,-2,0,0,0,-2,1,3,1,0,-1,0,0,22,6,3,3,2,9,3,0,3,1,-1,2,8,5,0,-1,0,2,-1,-4,2,2,0,0,-1,-2,1,1,-2,0,0,-1,0,0,1,-2,0,-1,0,0,29,5,1,13,5,2,0,-1,0,3,-3,2,0,0,-6,-1,-4,1,0,-1,7,6,0,-7,-5,0,2,1,-1,2,2,1,-2,0,1,0,3,0,0,0,31,15,10,6,6,5,4,-2,-6,0,-2,4,6,1,1,2,1,-3,-1,3,2,2,0,-6,-5,0,0,0,-2,1,2,-1,-2,0,-2,1,5,2,0,0,29,13,8,9,8,9,5,3,1,-1,-5,-3,1,5,1,2,-2,0,-1,2,3,3,0,-2,0,1,1,1,-3,-1,2,-1,-1,1,0,0,0,2,4,0,25,7,0,8,4,0,-1,-4,-2,4,5,11,13,10,2,-1,5,4,3,4,7,3,-2,-2,0,2,5,3,0,0,3,2,0,0,-1,0,1,0,0,0,36,16,0,5,6,2,1,0,-3,5,-1,1,8,4,-1,-2,0,1,0,0,3,0,-2,-5,-3,-4,0,2,0,0,3,0,2,0,0,1,0,0,1,0,25,13,6,3,2,1,1,1,-1,0,-1,0,2,5,3,1,2,2,-1,1,7,6,-1,-3,-1,1,1,0,-3,0,-1,0,-1,-1,-3,0,0,2,1,0,24,12,3,-1,0,6,1,-4,-4,8,3,5,5,2,1,0,-1,-1,-1,-3,0,2,1,-2,-1,0,4,4,-2,-3,-1,-2,-3,-3,-2,0,0,-2,2,0,32,15,1,0,5,8,-1,-6,-2,3,0,0,8,4,3,0,-4,1,0,1,2,3,0,-1,0,0,2,3,0,-3,-1,-1,1,-2,-5,0,-2,-1,-1,0,25,13,4,6,5,1,3,1,0,-1,-4,-3,2,1,-4,2,1,-1,-6,-3,6,7,-3,-5,0,1,6,2,1,0,1,0,0,1,-1,-1,0,-4,-1,0,26,11,5,11,11,8,1,-5,-4,-2,-2,0,0,5,4,1,3,1,-4,-1,5,4,-6,-7,0,-1,0,-1,0,1,0,0,1,-2,-3,-3,0,0,0,0,24,8,1,2,6,5,0,-2,2,5,0,0,6,5,0,0,-1,2,-3,-7,-3,0,1,-1,-4,-1,0,-2,-3,1,3,-1,-4,1,-2,0,0,0,3,0,25,10,9,17,11,-1,-5,-6,-4,2,-4,0,3,2,3,3,0,-4,-6,-6,1,5,2,-2,-3,0,3,0,1,1,0,-1,0,1,1,0,0,-1,-1,0,29,8,6,13,8,4,0,0,-2,0,-1,1,5,0,0,7,6,2,-2,-1,1,1,-3,-1,1,2,1,-1,0,0,0,-1,-2,-1,-2,0,1,0,3,0,24,11,7,8,3,7,1,0,-2,0,-4,-1,3,4,3,1,-1,-2,-8,-5,2,0,-1,-2,0,2,2,4,2,-2,0,-2,1,3,1,0,-1,-1,-2,0,33,15,4,7,8,3,4,-2,-3,3,-2,-1,0,3,3,3,-3,0,-2,-3,-2,1,1,0,1,0,4,0,-1,0,1,0,-1,-1,-1,-1,-2,-2,0,0,24,11,5,8,0,-3,-7,-5,-2,1,-1,1,6,1,0,5,1,3,0,-4,-1,0,-3,-9,-5,-2,0,0,-1,-1,0,-2,0,2,2,-1,-4,-2,-2,0,25,6,3,11,7,5,-1,-1,3,3,-1,7,9,3,0,0,0,0,1,2,7,6,2,-1,0,0,0,3,1,1,2,2,0,0,0,0,1,3,0,0,28,7,3,7,4,9,3,-1,-5,-1,-3,0,4,0,2,0,-1,1,0,-4,-1,0,0,0,0,-1,1,0,-1,0,0,1,0,-5,-2,0,0,-1,0,0,26,7,4,10,6,5,0,0,0,0,-5,0,7,8,2,0,5,4,-4,-5,1,1,0,-1,0,0,2,2,2,4,4,2,2,0,0,0,0,-2,0,0,23,8,-1,4,3,2,1,3,0,0,-7,-1,7,7,1,1,0,0,-1,0,3,4,1,1,1,3,2,1,2,0,3,2,2,6,2,1,2,1,0,0,30,11,1,1,5,4,-1,0,1,6,0,-6,3,5,1,0,-2,-1,-2,-2,3,3,0,-3,-2,-1,1,2,-1,-2,0,-2,2,1,-2,-3,0,0,-1,0,25,9,8,8,8,1,0,-2,1,1,-3,0,10,5,4,0,-1,3,-1,-1,5,1,-5,-4,0,0,3,4,0,0,1,0,1,0,-2,0,0,5,1,0,26,9,3,13,8,5,3,0,-1,-5,-5,1,2,3,0,1,5,3,0,2,4,3,-1,-5,0,3,3,0,-2,1,4,2,2,1,-1,1,1,0,0,0,29,9,-1,5,3,0,-4,-4,-6,0,-2,-2,4,1,-3,-3,0,-2,0,2,1,0,-1,-4,-3,0,5,0,-3,0,1,0,0,0,0,0,-1,0,0,0,25,13,2,8,4,-2,-5,-2,-1,0,-6,-3,6,6,3,2,1,-3,-2,-2,0,2,0,-2,0,1,1,2,0,0,0,0,2,2,0,4,2,0,2,0,21,4,-3,8,4,-1,0,-3,0,6,3,-1,10,8,0,2,3,0,0,0,6,6,4,2,4,7,6,7,2,0,-1,0,2,3,4,2,1,-1,0,0,28,7,1,5,8,4,-6,-8,-2,5,2,-1,4,1,0,0,0,0,1,0,6,3,-3,-3,-3,0,0,0,-1,0,-3,0,0,1,0,-4,-2,0,-1,0,25,3,0,8,3,3,-1,-5,-2,4,-1,5,14,6,-1,0,0,-1,-5,-8,-1,2,-6,-5,-1,-1,1,3,-2,-2,1,0,3,3,0,0,0,0,1,0,28,11,6,7,7,9,3,0,2,8,1,2,3,3,-1,-1,1,-1,-3,4,6,7,0,0,0,0,4,3,-1,0,2,1,1,0,-2,-3,-2,0,0,0,27,9,9,12,7,3,3,4,7,8,0,2,7,6,0,-1,-4,-8,0,-2,2,7,1,-1,4,0,1,0,0,0,0,3,1,2,-1,0,-1,0,1,0,26,9,1,3,5,2,0,-4,0,6,5,5,7,4,-1,-2,0,-3,-6,0,6,5,1,2,-1,1,4,4,0,1,1,2,1,-1,1,2,0,0,2,0,28,11,-3,-1,1,7,0,-6,1,3,-3,-2,0,0,-1,-2,6,3,-2,0,2,3,0,-1,0,0,3,3,-2,1,0,0,0,-1,-4,-2,0,0,4,0,21,5,0,8,10,10,1,-4,-8,-4,-1,0,6,4,-1,-2,2,2,-1,-3,1,0,-2,0,-3,-1,1,1,-1,1,-2,-3,0,2,-2,0,2,1,0,0,32,11,1,6,6,2,1,-1,-1,3,-1,0,8,6,-4,-1,-2,0,0,-2,3,2,-4,-3,1,2,4,0,-3,-1,0,1,5,4,2,-1,0,1,0,0,28,11,2,2,1,2,0,0,-2,-3,-4,0,2,2,0,2,0,-2,0,-1,0,1,0,-5,-5,3,5,3,0,-2,-2,-1,0,-1,-1,-1,0,0,1,0,21,14,1,8,6,-3,-6,-4,-4,0,-4,-4,0,0,-2,0,0,-2,-1,0,3,6,0,-1,-2,2,6,6,2,1,1,1,0,-1,-2,0,1,0,2,0,34,12,8,14,9,2,1,0,-3,0,-3,-1,5,5,-2,0,-2,-3,-1,-3,2,6,0,0,1,-1,1,-1,-2,2,4,0,0,-2,-3,1,0,0,1,0,31,13,0,11,9,0,0,-3,0,0,-1,5,4,2,-1,-1,1,0,-3,-1,4,3,-3,-1,1,1,3,3,-3,-1,-1,-2,0,0,-1,-1,-3,-3,0,0,23,10,3,3,-4,-2,-1,-1,-4,5,0,3,8,5,5,2,-2,-1,2,3,7,8,0,3,3,3,5,4,2,0,3,2,2,2,0,0,1,1,2,0,30,8,0,4,0,-3,-5,-6,-3,-2,-3,-1,7,6,-2,1,0,1,0,1,4,3,-3,-4,-4,0,3,0,-2,-2,0,0,-2,0,0,1,2,2,2,0,26,6,1,13,3,6,3,-3,-3,0,-5,-2,3,0,3,1,0,0,-2,0,5,5,1,0,1,1,1,0,0,2,1,3,4,0,-3,-1,-3,0,0,0,21,5,6,8,1,2,0,-4,-11,-2,-1,-5,-2,2,2,1,-2,-4,-1,-2,4,4,2,1,0,0,0,3,0,0,1,0,1,1,0,0,0,0,1,0,25,8,2,7,10,6,0,-4,-7,-2,0,3,5,2,-1,1,-1,-3,-5,0,0,3,0,-4,-1,0,0,1,1,0,-3,-1,0,0,-3,1,3,-1,1,0,29,8,3,3,-2,2,0,-4,-7,-7,-5,0,6,6,1,0,1,0,-1,0,8,6,3,3,0,2,6,4,-3,1,4,0,1,6,3,2,1,0,0,0,25,7,3,8,5,1,1,-5,-4,-1,-2,-1,2,3,-1,-1,-1,-2,-5,-3,0,1,-1,-7,-2,1,1,2,-1,0,2,0,2,1,-2,1,4,1,2,0,25,7,4,13,10,3,0,0,-1,0,0,0,6,4,5,6,7,0,-6,-4,0,0,-1,-1,0,-2,2,3,-2,0,0,-2,-3,2,0,0,1,0,2,0,16,1,1,5,1,-2,-2,0,1,0,-1,0,6,5,6,3,-2,-6,-6,-6,0,0,-1,0,-1,3,6,4,0,1,4,0,-1,3,1,0,1,-2,-1,0,28,8,3,3,0,9,5,4,3,6,0,3,6,2,-4,-4,-5,-3,0,-1,3,0,-5,0,5,4,7,5,2,0,1,-1,-2,-1,-2,-3,0,0,0,0,27,7,-4,2,0,-2,-3,-1,-5,1,0,-3,6,8,0,4,0,-2,-5,-5,-1,3,-4,-7,-3,0,1,0,-1,0,3,2,0,3,0,-3,0,1,0,0,25,5,3,0,-2,-1,0,2,-3,-3,-2,0,3,3,2,1,-3,4,-1,-2,6,5,0,-2,0,-2,-2,0,-3,0,-1,-3,-1,0,1,-1,0,1,0,0,26,12,3,4,2,1,3,-4,-4,0,0,3,1,1,-1,0,-2,-4,-6,-4,0,0,-3,-5,0,3,1,1,-1,1,2,0,0,0,-1,2,3,0,1,0,21,2,-2,3,0,0,0,-1,-1,0,0,5,5,5,0,0,-1,8,3,4,8,4,1,3,5,6,5,3,1,0,0,3,3,2,1,3,3,2,1,0,25,10,1,2,10,0,-8,-6,-3,0,-3,-2,3,3,2,3,2,-3,-7,-3,4,4,1,-1,-2,0,0,2,0,0,1,3,4,0,-1,0,0,0,0,0,14,4,4,8,12,5,2,3,0,6,5,6,6,0,-3,0,-2,-3,-5,-3,7,3,0,-4,-5,-1,0,-1,0,2,2,0,0,1,0,0,-1,-1,1,0,27,9,3,1,0,4,-5,-3,-3,-1,1,-1,10,7,0,-5,-1,1,4,1,3,4,1,-1,3,4,6,5,0,5,5,0,-1,0,0,0,1,0,-1,0,26,11,-1,3,2,0,-2,-5,-4,-2,-3,6,8,2,-4,0,2,0,0,-1,2,1,-2,-6,-1,3,3,3,0,0,0,0,0,-1,0,0,1,0,1,0,17,3,-5,0,0,2,-2,-5,0,5,0,1,3,3,1,5,3,2,2,1,6,3,0,-5,0,-1,0,1,2,2,2,-2,-1,-3,-3,-4,-1,1,0,0,25,4,0,10,2,0,-6,-8,-4,2,-1,2,5,0,1,0,0,4,1,0,4,1,1,-1,0,0,0,0,-1,0,0,-1,-1,-1,-4,0,2,0,2,0,21,4,0,6,5,0,-8,-10,-12,2,0,4,7,0,-7,-1,-2,-1,-1,-4,1,3,0,-7,-2,0,2,0,-4,-1,1,1,0,0,0,1,-1,-1,0,0,28,8,-1,1,1,2,-3,3,1,0,3,6,9,2,1,2,-1,0,-4,0,1,5,0,-6,0,0,2,2,-2,0,2,0,1,0,-2,-3,0,0,1,0,23,6,2,5,7,7,-2,-3,-4,0,-1,2,12,5,0,-1,2,1,-1,1,2,1,1,-1,-3,-3,0,2,-1,0,1,0,1,2,0,0,0,0,1,0,29,5,0,11,3,2,1,-3,-7,6,5,4,11,9,2,2,0,-6,-6,-1,-1,0,-4,-7,-5,-5,0,1,1,1,1,2,3,2,0,1,4,4,0,0,30,9,2,7,9,7,0,0,1,1,0,2,7,6,8,7,4,-1,0,0,3,4,0,3,0,0,5,4,0,0,-2,-1,0,0,-3,1,4,0,-3,0,18,3,-1,6,5,8,-2,-1,2,7,2,3,12,6,4,4,0,0,4,2,4,5,0,-4,-5,0,3,2,0,1,3,1,2,1,0,-1,1,2,0,0,23,5,6,8,6,8,0,-5,-8,-4,-5,0,6,5,5,7,2,-3,1,3,9,4,2,-1,0,0,1,0,0,0,1,2,-1,-1,-2,0,3,-1,0,0,22,0,-4,4,0,-1,-2,-6,-7,0,-5,-3,0,3,-1,0,-3,-7,-10,-3,3,0,0,-3,1,2,6,3,-1,0,-1,-2,-1,-1,-3,0,0,0,0,0,28,6,-1,5,0,-6,-3,0,-2,-1,-3,-1,9,5,0,-1,1,3,3,4,2,2,-1,-3,0,1,1,0,0,4,4,1,0,0,0,3,3,-2,0