-14,-26,-17,-16,-21,-12,-13,-10,-9,-14,-10,-15,-12,-14,-8,-9,-8,-10,-12,-4,-11,-7,-9,-7,-2,-5,-2,-1,0,1,1,4,-2,2,6,6,7,8,7,4,-12,-28,-19,-13,-22,-26,-8,-9,-18,-18,-17,-9,-16,-21,-14,-7,-7,-12,-12,-8,-9,-8,-12,-14,-6,-9,-7,-4,-1,1,0,2,-3,-4,1,5,3,3,4,0,-18,-21,-20,-15,-16,-12,-8,-8,-14,-22,-15,-16,-14,-9,-9,-12,-10,-9,-16,-17,-13,-13,-9,-13,-13,-7,-8,-5,-6,-1,-1,0,-4,-3,0,0,0,2,2,0,-6,-23,-17,-11,-17,-14,-12,-17,-23,-16,-13,-13,-17,-13,-12,-15,-17,-14,-13,-15,-13,-9,-12,-14,-10,-12,-8,-3,-3,0,0,0,-2,-3,0,4,3,2,0,-3,-14,-20,-20,-15,-20,-16,-15,-17,-22,-21,-16,-16,-21,-21,-13,-15,-17,-17,-18,-14,-12,-11,-13,-11,-11,-9,-7,-5,-10,-6,0,0,-7,-7,-2,-3,0,0,0,-2,-20,-34,-25,-12,-19,-22,-16,-16,-19,-25,-24,-16,-12,-13,-16,-16,-13,-16,-14,-14,-12,-14,-13,-14,-13,-11,-5,-4,-6,-3,-2,-5,-7,-7,-4,-2,0,0,0,-2,-19,-25,-22,-10,-13,-22,-20,-14,-16,-20,-17,-10,-16,-16,-15,-19,-15,-18,-12,-17,-21,-12,-11,-12,-10,-10,-6,-7,-5,-3,3,0,-3,-4,0,-2,-1,0,3,1,-17,-19,-20,-16,-20,-18,-23,-20,-18,-25,-17,-13,-13,-11,-16,-24,-13,-17,-18,-13,-12,-12,-12,-15,-9,-10,-9,-7,-5,-4,0,-1,-3,-1,2,2,4,5,2,-1,-25,-24,-22,-25,-20,-18,-18,-11,-12,-16,-12,-11,-16,-11,-19,-21,-13,-19,-16,-13,-17,-10,-13,-16,-11,-13,-8,-5,-5,-1,1,0,-2,-3,0,2,2,6,9,2,-25,-25,-21,-22,-17,-14,-12,-7,-11,-13,-6,-7,-11,-8,-19,-26,-21,-20,-17,-5,-8,-3,-3,-5,-3,-8,6,11,14,20,17,15,11,6,10,12,12,19,12,9,-19,-30,-19,-19,-17,-13,-11,-6,-7,-10,-17,-10,-12,-10,-9,-16,-15,-12,-14,-8,-6,-3,-6,-10,-8,-9,6,8,0,5,12,13,4,3,7,10,13,18,11,6,-30,-32,-22,-13,-15,-13,-5,-6,-18,-16,-10,-14,-12,-15,-7,-7,-9,-8,-4,-10,-4,-3,-11,-6,-8,-6,0,3,1,8,10,11,3,1,5,7,6,9,11,4,-11,-23,-18,-12,-11,-18,-5,-5,-11,-20,-13,-17,-22,-16,-12,-18,-12,-8,-3,-10,-8,-7,-5,-7,-7,-8,-3,0,0,4,6,5,0,1,3,7,6,7,9,1,-17,-26,-24,-12,-16,-15,-5,-9,-8,-23,-17,-16,-23,-21,-12,-21,-18,-13,-6,-16,-13,-11,-14,-14,-10,-8,-4,-1,-3,2,4,2,-2,-1,3,3,5,1,3,1,-20,-26,-20,-14,-20,-23,-5,-7,-19,-25,-14,-18,-28,-18,-13,-20,-15,-12,-9,-21,-15,-16,-17,-15,-15,-14,-10,-7,-4,-1,0,3,-9,-1,2,2,1,3,1,0,-27,-41,-25,-15,-14,-26,-6,-10,-13,-24,-13,-13,-19,-21,-13,-23,-15,-13,-9,-13,-16,-13,-13,-16,-15,-11,-11,-5,-4,2,4,4,-6,-3,0,1,0,2,4,2,-9,-21,-22,-12,-19,-19,-5,-8,-10,-18,-17,-19,-18,-18,-13,-17,-22,-20,-12,-17,-11,-11,-16,-18,-14,-14,-7,-1,-5,-2,-1,-1,-8,-9,0,0,0,-1,2,-2,-44,-25,-20,-13,-13,-17,-1,-5,-12,-12,-12,-2,-9,-10,-4,-7,-8,-10,-10,-7,-3,0,-4,-9,0,2,9,10,12,12,17,13,3,5,10,6,8,7,8,5,-1,-22,-10,-9,-19,-10,3,2,1,0,-3,0,0,0,4,4,8,5,0,6,10,7,11,9,10,9,9,12,13,16,17,17,9,12,15,17,23,23,22,20,4,-25,-9,-9,-13,-3,-5,0,-1,5,1,-1,4,4,3,10,11,10,8,2,14,11,10,13,17,16,15,18,19,20,23,22,14,15,18,19,20,20,19,20,-9,-25,-7,-9,-11,-3,2,2,0,1,0,0,5,5,1,8,11,8,9,4,11,13,13,14,17,15,15,15,16,21,24,19,10,10,14,18,20,23,19,19,1,-26,-19,-10,-16,-7,-4,1,1,6,2,-4,0,3,2,12,7,10,13,7,7,12,11,7,16,15,14,18,20,22,19,14,10,10,14,16,16,17,13,13,9,-27,-10,-17,-10,-2,0,5,0,0,2,-6,0,3,-7,13,7,6,8,7,8,10,11,2,6,8,12,20,14,19,17,14,7,8,11,16,16,16,13,11,6,-24,-14,-19,-19,0,-2,4,0,4,3,-8,0,5,-7,12,9,9,11,5,8,6,6,5,11,11,11,14,16,14,19,17,5,8,8,14,12,9,11,10,5,-23,-25,-18,-7,0,0,4,1,-2,0,-10,0,6,-3,11,7,5,7,5,3,5,6,2,4,4,9,10,12,14,12,8,6,6,10,11,12,10,9,8,-7,-25,-24,-13,-14,-2,-3,5,1,3,0,-14,-1,5,-6,7,4,1,4,1,1,3,1,-3,3,6,7,9,12,13,17,12,4,5,9,9,10,12,7,6,-9,-23,-19,-19,-11,-7,-7,4,1,-9,-5,-17,-1,5,-6,8,3,-1,0,-1,2,0,-2,0,3,6,5,6,8,9,10,9,2,3,7,6,10,7,8,6,0,-24,-12,-12,-13,-2,-4,3,1,-1,-5,-18,-1,6,-8,8,4,0,0,-4,-4,3,1,3,3,4,2,8,7,10,13,8,2,-1,4,4,7,9,7,3,-1,-24,-17,-17,-16,-3,-8,5,0,-3,-7,-13,0,6,-8,7,1,0,1,-4,-1,-1,-3,3,4,3,4,5,7,8,9,8,0,1,6,6,7,9,11,7,-17,-27,-27,-26,-18,0,0,4,2,-3,-6,-11,0,5,-4,7,5,0,0,0,4,2,-2,5,5,4,2,7,7,6,9,8,1,2,5,9,13,15,11,10,2,-35,-16,-14,-14,-3,-6,3,0,0,-6,-11,0,3,-7,6,2,4,3,-3,0,3,0,8,6,6,5,10,8,9,7,6,0,2,7,7,8,11,13,8,3,-25,-14,-15,-16,0,0,3,0,4,0,-15,0,-5,-5,1,-3,1,-3,-4,0,0,0,6,8,3,0,5,4,6,8,4,0,0,4,6,9,9,9,7,-2,-31,-14,-17,-14,-4,-9,1,-1,0,0,-12,0,1,-8,2,0,4,2,-2,-3,1,2,5,4,2,2,7,9,8,4,0,0,1,7,9,6,7,6,4,-6,-25,-20,-16,-19,-8,-8,0,-1,5,2,-13,-1,3,-9,7,2,2,2,-2,0,1,0,2,3,2,1,8,3,8,8,3,-5,-2,0,4,5,4,3,2,3,-34,-14,-14,-18,-6,-8,0,-3,1,2,-16,-2,5,-7,8,3,1,4,-4,2,-3,-4,0,0,2,-2,5,2,5,4,1,-5,-5,3,3,2,2,4,0,1,-20,-16,-14,-16,-9,-11,-1,-4,2,0,-17,-2,5,-11,9,4,0,2,-3,1,-8,-6,-3,-2,1,-2,3,0,2,5,0,-8,-4,0,0,2,4,2,0,0,-25,-17,-13,-20,-7,-9,-3,-5,-2,-2,-18,-1,6,-10,6,2,0,3,-10,0,-11,-11,-4,-1,1,0,0,0,0,0,1,-4,-5,0,1,1,2,1,-1,-15,-26,-20,-15,-15,-6,-11,-5,-12,-6,-5,-15,0,7,-13,7,2,-4,1,-3,0,-13,-11,-2,0,1,-1,2,1,4,4,1,-7,-7,-1,-1,0,0,1,-1,-26,-29,-17,-22,-19,-2,-6,-8,-9,-8,-8,-19,0,7,-13,9,4,1,1,-4,-1,-7,-7,0,1,5,3,7,6,7,7,7,0,-2,1,3,5,2,3,0,-10,-30,-23,-20,-14,-3,-11,-10,-11,-1,-5,-20,3,8,-13,10,3,4,6,1,4,3,4,7,4,5,4,7,7,7,6,7,0,-2,0,2,3,6,2,-3,-9,-26,-13,-18,-22,-2,-9,-8,-12,-1,-1,-19,2,7,-13,8,2,5,5,1,3,-1,-3,2,4,2,5,7,3,6,10,6,-1,-1,3,3,3,5,4,0,-17,-28,-19,-17,-21,-1,-7,-9,-10,3,0,-17,0,1,-17,3,-2,4,3,-3,-3,-2,-2,4,2,1,3,8,4,7,6,6,-3,-3,-2,2,3,5,5,-3,0,-26,-19,-16,-17,-1,-7,-12,-11,1,0,-16,-3,-3,-8,2,-7,1,1,-3,-1,1,0,3,5,2,2,5,4,4,9,4,-1,-3,0,2,1,6,3,-2,-10,-21,-23,-27,-16,0,-6,-4,-9,3,1,-8,-5,-1,-14,3,-4,0,3,-3,1,2,3,4,5,5,2,7,3,8,6,5,0,-4,2,2,4,3,4,0,0,-31,-14,-14,-19,-4,-8,-14,-12,2,2,-4,0,0,-15,3,2,2,2,-1,-3,2,0,0,6,4,2,6,9,9,9,7,1,0,1,3,4,5,3,1,0,-23,-11,-18,-15,-5,-8,-11,-2,2,3,-1,-6,-6,-12,4,-1,2,4,-1,-2,2,0,4,7,6,4,6,7,10,11,10,1,-1,1,4,4,6,5,0,-17,-26,-19,-14,-14,-9,-13,-6,2,1,4,1,-2,-8,-8,2,4,3,0,-3,0,3,2,1,3,3,0,1,7,8,10,9,2,-3,2,2,2,3,4,3,0,-21,-15,-15,-18,-17,-14,-13,-3,-1,-2,-2,-8,-7,-13,-4,-3,-7,-9,-6,-1,-1,0,-2,2,4,0,3,6,11,5,7,1,-1,0,5,5,3,2,0,-17,-25,-19,-16,-15,-9,-10,-7,-5,0,0,0,-4,-4,-4,-3,5,4,-4,-3,-2,-1,1,1,0,0,3,6,5,11,11,7,-1,0,2,4,4,3,1,-2,-14,-26,-14,-16,-13,-5,-5,-7,0,4,1,2,-4,0,0,4,6,3,0,-5,4,3,-1,-2,3,4,10,12,11,8,11,12,3,9,14,12,12,10,5,0,-9,-21,-19,-17,-17,0,3,6,6,0,-2,2,1,2,1,4,3,3,0,0,5,2,1,0,7,10,15,17,18,19,15,18,17,16,18,20,21,20,21,20,5,-24,-13,-11,-18,-3,1,0,2,-6,0,6,0,-3,-4,2,2,2,5,4,10,9,5,7,9,10,20,22,19,25,24,23,19,20,26,28,28,29,30,22,0,-23,-10,-8,-14,-1,1,-2,-2,-1,2,10,0,-3,0,3,1,1,1,0,6,6,1,8,8,7,17,19,17,23,20,22,15,16,21,26,27,28,30,26,2,-33,-15,-16,-11,-1,4,0,-12,-8,-3,8,0,-3,-1,-1,3,0,1,-4,1,3,3,3,4,8,12,15,12,16,18,19,13,13,20,23,25,26,25,20,-3,-23,-18,-11,-11,-3,3,0,-1,-6,-1,6,-1,-8,-1,-2,-1,-1,-2,0,5,5,-1,-1,1,5,13,14,8,16,18,18,10,12,16,18,19,18,19,18,-5,-20,-13,-15,-17,-9,0,0,0,-7,-2,0,-8,-10,-5,-4,-3,-6,-9,-5,0,-2,-2,-5,-5,0,6,9,8,13,14,15,7,9,11,17,16,17,18,11,-17,-27,-11,-12,-16,-9,0,-3,0,-2,-4,-1,-4,-10,-6,-3,-3,-2,-2,-4,-1,-2,-8,-6,1,0,2,6,8,11,10,13,4,4,11,14,14,15,14,11,-5,-30,-14,-17,-20,-23,-1,-1,-2,-6,-7,2,-5,-12,-8,-2,-2,-5,-5,-12,-12,-5,-6,0,-1,-1,-2,2,5,8,11,12,2,3,9,13,11,12,13,10,-6,-26,-18,-16,-19,-15,-1,0,-2,-7,-3,1,-4,-14,-10,-9,-4,-6,-12,-9,-6,-8,-8,-3,-5,-5,1,4,4,6,6,7,0,2,11,14,12,11,13,9,-4,-18,-8,-12,-22,-13,0,-1,-2,-12,-9,-6,-14,-14,-9,-5,-5,-7,-13,-13,-5,-8,-6,-9,-3,0,-4,-1,-2,2,10,7,1,1,4,7,9,10,10,7,-5,-25,-20,-20,-29,-14,0,0,-2,-5,-4,-4,-11,-14,-9,-5,-5,-9,-10,-10,-7,-5,-7,-8,-6,-4,4,6,4,6,12,8,0,4,9,6,8,8,13,9,-8,-33,-14,-13,-19,-16,-1,-4,-7,-12,-10,-7,-12,-16,-12,-14,-17,-11,-15,-12,-5,-8,-7,-11,-4,-6,1,4,4,9,9,6,5,6,10,12,13,15,16,11,0,-24,-12,-16,-20,-13,-2,-3,-3,-8,-8,-5,-13,-14,-13,-15,-10,-12,-12,-12,-6,-4,-8,-8,-3,-6,5,8,6,12,10,12,6,6,13,16,15,18,19,13,-15,-29,-22,-22,-19,-12,-1,-2,-4,-10,-12,-7,-18,-22,-17,-13,-11,-10,-10,-17,-10,-6,-12,-8,-5,-4,0,4,2,7,8,11,4,4,9,13,13,16,18,12,-9,-24,-15,-14,-22,-14,-1,-3,-3,-10,-11,-10,-18,-17,-14,-15,-15,-11,-13,-15,-12,-8,-11,-10,-10,-7,-2,3,1,3,8,10,2,4,8,7,12,13,13,8,-3,-24,-12,-13,-26,-21,-4,-3,-5,-13,-11,-11,-13,-13,-11,-17,-16,-16,-15,-12,-10,-10,-8,-10,-8,-7,-1,1,-5,-2,1,4,-1,0,4,6,7,9,11,7,-5,-21,-17,-13,-21,-19,-8,-8,-10,-16,-14,-11,-15,-13,-13,-14,-21,-20,-12,-15,-14,-14,-12,-12,-14,-10,-8,-4,-3,0,0,3,-2,-2,3,5,5,7,6,2,-34,-21,-12,-13,-25,-20,-20,-19,-13,-20,-17,-17,-18,-24,-16,-20,-23,-21,-17,-17,-17,-15,-16,-18,-14,-14,-6,-4,-3,-2,0,2,-4,-3,0,0,2,4,1,0,-28,-23,-11,-13,-27,-25,-19,-15,-11,-17,-15,-15,-19,-22,-22,-22,-16,-17,-17,-17,-18,-16,-17,-15,-13,-15,-10,-8,-10,-3,-1,-1,-7,-5,0,5,3,2,1,-2,-12,-21,-12,-12,-22,-22,-17,-14,-13,-18,-18,-18,-18,-22,-19,-22,-20,-19,-19,-15,-15,-15,-20,-15,-8,-9,-9,-6,-9,-4,-3,-1,-7,-5,0,1,2,2,1,-1,-10,-32,-19,-13,-17,-22,-22,-27,-17,-21,-23,-20,-27,-26,-23,-21,-25,-28,-19,-18,-15,-17,-19,-15,-11,-14,-11,-10,-8,-5,0,-2,-6,-4,-1,-1,-1,0,0,-1,-10,-25,-14,-14,-30,-24,-20,-14,-16,-21,-14,-14,-19,-14,-18,-19,-12,-17,-17,-19,-16,-15,-14,-16,-15,-11,-8,-3,-5,-8,-2,-6,-7,-5,-2,-2,0,-1,0,0,-21,-29,-18,-21,-27,-16,-8,-16,-12,-13,-2,-9,-13,-4,0,-15,-6,-10,-10,-7,-7,-2,-8,-4,-5,-8,-3,-1,-4,-2,-3,-3,-4,-2,2,3,3,6,8,3,-23,-31,-21,-24,-22,-10,-5,-13,-12,-12,-2,-6,-11,-2,4,-11,9,2,-4,0,0,5,-3,2,8,2,0,4,-1,1,1,0,-3,-4,0,5,4,5,7,1,-1,-30,-17,-16,-20,-4,-2,-15,-10,-13,2,0,-14,0,8,-9,8,2,0,8,0,11,6,14,14,11,12,12,15,20,17,13,9,8,12,13,12,18,18,11,-18,-31,-22,-18,-15,-2,-2,-10,-10,-15,2,5,-7,-1,9,-7,4,8,5,17,4,17,7,12,15,14,16,19,18,15,20,15,11,12,14,15,13,19,16,14,-16,-32,-20,-20,-12,-7,-5,-13,-14,-17,7,4,-7,-3,13,0,4,8,-1,15,12,18,5,12,13,15,19,19,20,16,17,12,3,4,5,9,11,13,11,8,7,-30,-14,-20,-14,-6,-5,-7,-8,-15,1,7,-1,-7,13,2,0,11,2,20,16,13,7,13,13,14,16,17,17,17,16,12,1,1,6,10,8,12,9,8,2,-29,-20,-17,-12,-11,-3,-3,-6,-10,-3,4,-4,-2,13,3,5,13,6,16,17,8,4,12,11,10,10,15,16,16,14,10,2,1,2,7,6,10,9,4,-1,-29,-18,-16,-20,-12,-5,-9,-9,-16,4,10,-4,-13,10,5,5,10,4,11,14,10,3,7,8,8,9,14,16,17,12,8,0,0,4,7,6,7,8,3,-11,-21,-14,-17,-20,-10,-5,-3,-12,-15,-1,9,0,-15,4,5,6,9,6,8,19,13,8,6,8,5,8,15,12,11,13,9,2,0,4,4,5,5,3,-1,-31,-33,-19,-16,-19,-6,0,0,-6,-15,-2,11,0,-13,4,7,2,6,5,8,20,8,8,3,10,7,8,12,11,12,12,6,0,1,5,4,1,5,3,-1,-2,-26,-16,-15,-18,-9,0,-5,-16,-8,-1,13,0,-12,6,8,2,4,2,5,19,7,6,5,6,7,10,17,17,19,21,16,11,9,11,8,12,12,12,6,-8,-22,-10,-11,-15,-5,-3,2,-1,-4,4,16,3,-8,3,6,0,4,6,9,17,10,7,9,12,8,13,15,17,23,21,21,12,16,19,20,22,26,24,20,6,-35,-23,-11,-8,-2,0,2,0,3,3,15,0,-8,7,9,5,7,9,6,15,7,0,8,7,6,14,16,15,19,22,22,17,17,18,20,26,26,25,20,4,-21,-6,-8,-14,0,4,4,0,-9,1,15,1,-5,7,10,2,10,8,8,17,8,2,5,9,9,12,17,15,16,22,20,12,12,16,20,24,25,19,16,5,-30,-7,-7,-21,-1,1,6,2,1,3,14,2,-6,3,4,4,9,8,10,15,7,6,7,10,10,16,17,16,16,15,16,11,10,14,16,19,18,19,14,-4,-31,-14,-10,-12,-4,-1,5,1,-7,1,12,1,-12,3,0,-1,5,4,5,13,7,3,6,6,3,11,12,17,18,14,15,7,11,16,15,17,16,16,10,0,-22,-11,-13,-19,-1,0,3,2,-3,0,6,1,-10,-1,2,0,5,0,8,10,1,-2,0,1,3,8,14,15,16,14,15,6,7,11,12,13,16,14,10,-8,-32,-11,-10,-19,-6,2,6,1,-2,0,1,-6,-12,1,-1,-6,1,0,5,12,4,4,0,0,0,7,12,13,14,13,16,8,5,9,11,12,12,12,7,-8,-28,-17,-10,-17,-4,4,4,0,-7,0,3,-3,-15,-3,-2,-3,0,-2,1,9,2,0,-1,-1,0,7,7,9,11,14,11,5,4,9,12,9,11,9,6,-15,-20,-16,-12,-28,-6,1,5,1,-2,-1,5,-7,-16,-6,-2,-5,-3,-6,-1,8,3,-2,0,-1,-2,6,5,6,11,15,12,5,2,7,9,8,9,4,6,3,-24,-10,-11,-19,-6,-3,3,0,-8,-1,8,-8,-20,-1,1,-9,-6,-8,-3,8,-1,2,-1,0,-5,1,5,6,8,11,8,3,2,8,6,5,5,6,5,-4,-21,-14,-11,-20,-6,-1,2,-1,-4,0,11,-6,-18,-4,-2,-12,-4,-3,-3,4,0,-3,-6,-4,-5,0,5,0,4,8,5,2,4,6,8,8,11,11,6,-12,-19,-14,-11,-25,-8,-3,3,-1,-4,0,12,-4,-17,-3,-3,-8,-3,-4,-3,8,-3,-9,-2,0,-8,2,6,5,8,10,8,0,3,7,10,13,15,17,9,-12,-19,-10,-10,-27,-7,0,1,-2,-4,0,10,-7,-17,-7,-6,-9,-3,-4,-3,5,-4,-3,-2,-5,-5,1,5,7,8,10,8,1,4,7,7,11,12,14,9,-2,-24,-10,-10,-23,-7,-3,1,-2,-6,0,7,-9,-16,-4,-4,-15,-2,-3,-2,3,-3,-9,-11,-2,-1,0,7,4,5,7,7,-1,0,4,9,11,12,12,7,-22,-35,-13,-11,-19,-9,-3,0,-3,-7,-1,4,-11,-16,-4,-4,-6,1,-1,-6,0,-6,-7,-3,-4,-5,2,5,3,8,7,3,-3,0,4,5,7,8,10,6,-8,-41,-14,-10,-22,-9,0,1,-5,-7,-3,2,-11,-17,-7,-5,-13,-2,-4,-7,-9,-5,-4,-7,-5,-10,0,2,5,5,5,6,-4,-1,4,2,5,4,5,1,-10,-27,-11,-10,-17,-10,0,2,-4,-10,-6,3,-10,-16,-11,-13,-16,-4,-6,-7,-3,-5,-5,-5,-5,-7,-4,3,4,5,3,5,-1,-2,2,5,5,1,2,1,-20,-21,-10,-10,-25,-12,0,0,-8,-8,-5,3,-10,-20,-10,-6,-17,-11,-10,-8,-1,-6,-6,-7,-6,-6,-5,0,0,0,1,0,-4,-4,0,1,1,3,5,0,-4,-28,-19,-11,-20,-12,-1,-1,-5,-16,-9,3,-11,-24,-6,-4,-16,-8,-8,-9,-4,-5,-5,-5,-8,-5,-3,1,0,1,3,0,-6,-5,-2,0,-2,2,4,-2,1,-20,-13,-9,-19,-16,-1,0,-8,-12,-8,2,-9,-21,-9,-5,-6,-4,0,0,-3,-1,0,-2,-7,-3,3,9,6,2,5,7,-4,-6,0,1,2,3,6,1,-2,-21,-15,-13,-22,-15,-1,-4,-12,-18,-14,0,-13,-18,-5,-3,-6,-6,-5,-5,0,-2,0,1,0,-2,1,4,5,7,8,12,1,-3,-2,4,3,3,4,0,-17,-22,-17,-12,-17,-18,-1,-3,-7,-15,-11,-1,-13,-18,-7,-5,-9,-5,-5,-7,-1,-1,-5,-4,-6,-3,0,6,7,6,8,5,0,0,0,0,2,2,4,0,-7,-31,-16,-13,-19,-19,-4,-9,-13,-9,-6,4,-12,-27,-11,-9,-16,-2,-3,-5,-6,-14,-8,-7,-4,-4,2,6,6,5,6,6,-2,-1,3,2,1,4,6,0,-9,-19,-14,-23,-16,-10,-8,-8,-13,-12,-5,2,-12,-16,-13,-16,-16,3,1,-4,-6,-3,-6,-1,-3,-8,-1,6,6,9,10,5,-1,-2,1,4,4,3,3,0,-22,-24,-15,-10,-25,-17,-5,-3,-11,-10,-4,3,-11,-12,-5,-6,-8,0,0,-1,-1,-1,-1,-8,-8,-5,0,4,4,6,7,5,-4,-2,0,6,5,4,2,0,-7,-43,-11,-10,-17,-8,0,-4,-8,-14,-14,-4,-12,-9,-6,-3,-4,0,0,-3,-1,-2,-3,-4,-3,-2,-3,3,3,8,10,8,0,-4,1,3,4,5,4,-1,-4,-31,-16,-15,-15,-7,-2,-5,-10,-16,-11,-3,-14,-12,-13,-9,-7,-1,-1,-2,-5,-3,-5,-7,-2,-1,2,2,3,11,10,9,0,-1,2,1,4,7,3,-2,-8,-26,-17,-17,-16,-8,-2,-7,-12,-15,-10,0,-10,-10,-8,-6,-7,-4,-4,-6,-10,-2,-3,-8,-1,-2,0,0,6,9,10,8,-1,-1,-1,2,4,4,1,0,-21,-34,-20,-16,-19,-10,0,-7,-15,-23,-8,3,-12,-10,-7,-7,-13,-2,-2,-3,-3,-6,-5,-4,-3,-4,0,5,0,8,5,5,1,-1,0,-1,3,4,5,-2,-1,-31,-13,-16,-17,-15,-5,-8,-11,-16,-4,6,-9,-13,-6,-4,-8,2,-1,-7,-3,-3,-3,-5,3,4,13,13,15,22,22,20,6,6,17,13,13,11,10,0,-7,-23,-21,-15,-18,-16,-7,-9,-11,-16,-7,4,-11,-17,-4,-4,-7,3,1,-3,0,-5,0,-7,-3,-5,0,3,5,5,6,7,0,-1,3,5,6,7,7,0,-11,-20,-13,-9,-14,-9,-10,0,-5,-9,-10,3,0,-2,1,1,3,1,2,0,14,10,3,1,6,7,16,14,16,24,23,24,18,19,21,21,28,30,29,24,0,-28,-13,-14,-8,-2,5,8,6,-2,-4,3,7,5,0,-3,13,9,2,1,8,5,9,5,10,9,20,20,14,19,25,26,18,20,21,26,25,30,29,22,5,-29,-22,-12,-10,0,1,5,2,-7,-5,-4,7,7,-1,-9,15,12,0,7,11,7,9,4,12,9,14,16,19,20,22,22,14,15,22,24,23,27,26,22,-14,-21,-13,-16,-21,-9,0,7,0,-7,-3,-7,4,6,-5,-9,14,13,0,6,10,4,14,10,11,11,18,17,19,17,19,18,12,15,19,24,22,25,24,19,6,-25,-16,-16,-18,-11,0,7,-1,-11,-1,-4,0,6,-1,-8,15,14,-7,3,9,7,9,3,4,4,13,14,18,21,16,16,10,9,14,16,18,21,19,16,-20,-27,-17,-18,-20,-11,0,8,4,-10,-5,-3,2,8,-7,-11,13,14,3,6,10,5,9,5,4,2,4,11,15,11,11,12,7,9,12,15,16,16,16,14,-3,-39,-19,-18,-19,-18,0,7,4,-6,-2,-9,1,7,-7,-11,10,11,-8,2,8,-1,4,2,0,0,3,6,9,12,13,15,3,5,10,13,14,13,13,10,3,-35,-17,-22,-22,-21,0,8,4,-7,-6,-6,0,7,-4,-7,2,7,-3,-1,4,-6,5,2,0,0,7,6,7,7,12,10,3,3,11,13,12,14,12,8,-9,-24,-18,-23,-19,-16,1,7,1,-4,-4,-8,-1,6,-4,-11,7,10,-6,-5,0,-3,0,-1,-3,-2,-1,4,5,7,9,8,0,2,7,10,11,13,11,8,-3,-30,-19,-24,-22,-14,0,6,3,-1,-5,-4,-2,5,-4,-15,7,10,-8,-3,1,-7,0,-4,-7,-6,1,6,3,10,10,8,0,0,9,9,12,11,10,6,-7,-22,-22,-22,-15,-9,1,5,4,0,-7,-7,-2,5,-5,-12,5,7,-17,-3,2,-5,0,-4,-6,-8,-2,4,1,3,8,6,-1,-1,3,5,9,12,14,9,2,-28,-20,-22,-14,-10,0,4,2,-2,-9,-14,0,5,-8,-18,6,7,-16,-3,4,-2,1,-1,-3,-4,5,5,1,12,10,10,6,7,8,11,15,20,20,13,-4,-23,-14,-18,-21,-10,0,6,2,-2,-9,-8,-2,3,-5,-11,8,8,-13,-1,5,-6,-1,-7,2,0,3,6,2,8,14,16,5,4,9,14,14,16,18,12,2,-29,-20,-23,-24,-15,0,7,3,-3,-14,-13,-4,0,-5,-14,10,10,-8,-1,4,-1,0,-1,-2,-1,7,9,8,8,10,6,1,1,8,11,11,15,17,10,0,-22,-16,-20,-22,-13,-1,8,3,-8,-15,-15,-4,2,-9,-17,9,10,-8,1,7,-4,-1,-1,-1,0,7,8,8,8,8,5,0,0,5,9,9,10,12,5,-6,-30,-21,-25,-16,-11,-1,9,5,-12,-11,-11,-4,2,-7,-15,6,8,-13,0,7,0,0,-2,-4,-2,0,4,4,9,4,5,-1,0,2,3,6,8,7,4,5,-46,-15,-18,-22,-18,-5,9,6,-10,-16,-13,0,5,-4,-11,6,8,-13,-1,6,-6,3,0,-3,-5,-9,-3,3,4,2,3,-2,-2,1,4,6,4,6,0,4,-29,-16,-19,-24,-23,-5,8,5,-9,-11,-11,0,6,-8,-15,8,10,-9,-5,3,-9,2,0,-5,-7,-5,-7,1,0,0,1,-7,-6,2,5,4,4,3,0,-6,-22,-21,-29,-19,-15,-6,7,4,-13,-17,-16,0,6,-5,-17,8,10,-12,-5,3,-10,4,0,-9,-3,-4,-2,0,0,0,0,-4,-5,0,2,0,3,3,0,-12,-38,-16,-21,-16,-14,-9,7,2,-16,-13,-13,-2,4,-14,-20,6,8,-19,-7,1,-12,4,0,-4,0,-5,-2,-2,-1,-1,-2,-8,-4,0,1,0,2,0,-2,1,-24,-20,-20,-17,-16,-10,6,3,-17,-16,-12,-5,2,-8,-17,3,5,-20,-9,-2,-14,0,-3,-3,-1,-7,-3,-4,-5,-2,0,-8,-8,-3,-1,0,2,1,-2,0,-26,-22,-29,-22,-23,-11,6,3,-17,-19,-16,-11,0,-16,-17,-2,0,-12,-13,-7,-14,-9,-10,-8,-6,-1,-1,-2,0,0,-3,-5,-6,-3,0,3,5,5,4,-11,-22,-21,-28,-22,-24,-14,1,0,-15,-24,-26,-9,-1,-14,-17,-5,-4,-16,-9,-3,-12,-13,-14,-7,-6,-7,-2,-8,-2,0,1,-7,-3,0,4,4,9,9,3,-1,-29,-17,-23,-24,-19,-20,0,0,-12,-8,-13,-12,-8,-13,-9,-3,-2,-11,-6,-2,-6,-10,-5,-6,-8,5,12,9,15,18,14,1,2,6,9,12,15,10,5,-3,-33,-20,-17,-19,-20,-12,3,0,-16,-1,-4,-17,-12,-13,-10,-3,-1,-7,-1,0,1,0,0,1,-2,7,12,9,18,16,19,13,14,14,17,23,22,19,17,-6,-28,-15,-17,-19,-11,-3,2,-4,-11,-2,0,-10,-10,-8,-8,-3,-5,0,1,0,-2,-2,0,-2,-3,0,8,5,16,13,15,4,8,7,16,19,18,16,10,-19,-28,-20,-19,-12,-16,-6,1,-2,-17,-3,0,-12,-8,-12,-10,-7,-5,-5,-3,-4,-8,-5,-4,-3,-8,-1,2,4,9,12,11,3,5,8,11,15,15,15,10,-2,-25,-21,-15,-20,-15,-6,0,-2,-17,-6,-1,-5,-5,-11,-11,-6,-5,-6,-5,-4,-5,-3,-6,-7,-10,-2,2,0,5,10,8,2,1,6,7,8,7,10,8,0,-24,-16,-16,-18,-18,-14,0,-2,-15,-13,-8,-9,-5,-12,-16,-5,-3,-5,-3,-11,-10,-9,-7,-9,-11,-2,0,0,2,6,6,1,3,4,8,7,10,7,3,-3,-28,-25,-19,-16,-19,-17,-1,-4,-21,-16,-8,-10,-10,-12,-14,-3,-1,-7,-5,-7,-14,-6,-7,-12,-11,-4,0,-4,1,6,6,-2,-2,3,6,8,4,6,1,-9,-24,-13,-13,-17,-19,-21,-3,-6,-20,-16,-10,-12,-13,-15,-13,-5,-3,-9,-10,-7,-9,-4,-8,-12,-10,-5,0,0,0,4,3,0,-3,0,6,7,-1,1,1,-5,-28,-16,-15,-21,-19,-14,-3,-7,-15,-11,-14,-11,-10,-12,-10,-7,-11,-8,-5,-6,-11,-10,-6,0,5,10,11,8,13,16,14,6,9,12,11,8,4,5,3,-7,-29,-22,-14,-14,-9,-6,-4,-5,-3,1,-2,-2,-2,-3,-2,2,0,-1,-1,3,9,5,-1,4,6,9,13,11,15,15,13,5,6,10,10,12,12,11,6,-7,-21,-10,-11,-6,0,0,-7,-3,6,2,0,4,1,3,7,4,4,4,4,8,9,8,15,13,10,15,17,14,26,23,21,10,14,18,24,23,23,26,20,-14,-29,-10,-7,-8,4,0,0,-5,2,2,-1,6,4,1,9,7,13,11,6,13,14,17,18,18,18,16,23,21,23,23,19,15,15,17,22,25,24,22,21,2,-16,-3,-7,-11,4,2,1,0,3,0,0,3,5,-1,11,5,11,12,7,11,18,15,15,13,13,19,23,21,23,23,18,14,14,19,19,19,22,20,18,4,-20,-6,-14,-16,-2,0,4,-2,2,1,-4,-1,5,0,11,7,8,10,9,9,14,10,7,16,16,17,22,19,23,21,19,11,11,16,18,18,19,18,13,-24,-20,-8,-16,-8,-2,0,3,0,6,3,-4,1,6,-3,13,10,9,13,9,7,7,10,5,11,12,14,23,17,22,20,19,12,9,14,16,19,17,16,11,-29,-25,-7,-9,-12,0,2,2,0,0,0,-4,1,7,0,13,9,9,10,8,10,10,10,8,11,13,14,21,19,15,19,19,10,8,12,13,13,13,13,9,-21,-20,-16,-17,-18,-3,-6,3,0,2,0,-9,1,8,-3,12,8,9,10,3,8,8,9,7,9,10,12,13,16,20,18,15,8,8,12,12,14,14,12,5,3,-27,-17,-13,-11,0,-1,1,-1,-1,1,-8,2,8,-6,11,7,6,9,3,8,8,5,5,6,6,12,13,12,17,15,13,6,1,7,11,12,12,10,6,3,-24,-12,-13,-20,-3,0,2,0,2,0,-11,3,9,-4,11,6,3,5,0,7,5,6,4,2,5,10,10,7,13,14,9,4,3,8,10,10,11,6,6,-17,-27,-15,-13,-24,0,0,1,-1,-4,0,-11,3,9,-8,12,8,5,8,4,9,5,4,3,1,6,7,10,11,11,13,12,5,1,9,11,7,10,9,5,-17,-28,-12,-10,-19,-4,-4,2,0,2,0,-9,3,9,-7,12,6,6,7,1,8,5,0,2,3,5,8,5,8,10,11,8,2,3,8,9,8,9,8,5,-3,-28,-15,-13,-14,0,-4,1,0,-5,-1,-7,5,8,-10,10,5,7,8,4,9,2,1,7,6,6,9,7,8,10,13,9,1,4,9,11,11,16,15,8,2,-24,-16,-11,-21,-2,-1,2,-1,3,0,-9,1,4,-9,7,1,5,7,0,3,0,0,10,6,4,7,9,8,12,11,10,4,3,7,13,11,12,14,10,3,-36,-11,-10,-21,-4,-3,1,-1,-1,0,-8,0,-1,-12,-1,-3,0,-2,-3,0,0,0,6,2,3,7,3,8,14,10,8,3,2,6,6,10,11,10,4,-10,-20,-12,-13,-17,-6,-5,1,-1,5,3,-7,0,1,-8,4,-3,0,0,-3,0,5,3,4,3,3,4,8,5,6,3,8,0,-1,5,6,7,6,7,3,-15,-28,-16,-10,-16,-13,-7,0,-3,2,3,-13,-2,4,-8,9,2,1,3,-2,0,2,1,2,6,7,2,12,1,7,6,6,0,-2,1,2,4,6,5,2,-6,-31,-9,-8,-19,-8,-3,0,-3,6,3,-10,-1,5,-9,9,4,2,4,-2,2,0,1,5,3,5,3,8,4,5,8,5,-4,0,2,3,6,5,4,0,1,-25,-15,-13,-24,-8,-12,-4,-6,0,2,-15,-1,6,-10,9,4,1,5,-2,1,-1,-3,3,2,4,3,8,6,7,6,5,0,-2,1,4,4,5,5,0,-2,-22,-16,-14,-22,-7,-6,-3,-7,1,0,-13,1,7,-10,6,1,0,3,-1,3,2,1,0,1,2,3,2,2,7,7,9,0,-2,1,3,3,5,3,-1,0,-27,-10,-10,-23,-13,-11,-2,-4,-7,-6,-15,0,7,-11,3,0,-4,0,-1,3,-1,-2,1,2,2,4,7,7,11,10,12,0,-1,1,3,4,7,2,0,-6,-26,-19,-18,-16,-5,-6,-3,-6,-4,-7,-16,-1,7,-7,4,1,-1,0,-6,2,-5,-2,0,2,3,5,6,8,11,6,6,0,0,1,4,5,5,2,-1,-20,-21,-14,-14,-19,-8,-9,-4,-6,-8,-7,-11,0,6,-7,5,1,-2,0,-5,0,-5,-3,0,3,3,1,1,4,8,7,5,0,-3,1,5,6,7,4,0,-2,-20,-17,-14,-18,-6,-4,0,-1,-5,-14,-17,0,6,-9,4,0,-2,0,0,2,0,-2,0,0,1,0,4,2,10,9,6,-2,-1,3,6,7,2,1,0,-14,-24,-17,-9,-14,-8,-2,1,-7,-7,-11,-8,0,5,-11,4,0,0,0,1,4,0,3,4,5,5,4,9,6,6,10,8,3,-2,4,6,6,4,5,0,-5,-24,-13,-12,-14,-4,-5,-5,-6,-7,-8,-5,-1,1,-14,4,1,1,4,0,4,5,3,5,4,6,4,9,7,8,8,9,5,0,3,5,5,4,3,1,-7,-33,-15,-15,-12,-3,-4,-8,-11,-2,-3,-12,-4,-1,-17,1,0,0,0,0,0,3,1,1,5,5,6,7,10,12,12,10,1,1,2,3,4,7,3,-1,-4,-29,-13,-13,-15,-5,-10,-12,-16,-3,-5,-8,-4,-4,-10,1,0,0,2,-7,-6,2,1,0,6,4,2,4,8,10,6,5,0,-4,3,5,6,4,2,-3,-8,-26,-14,-13,-16,-6,-12,-8,-5,-1,-5,-2,-2,-8,-11,0,2,-2,-5,-4,-5,0,-1,2,5,3,5,6,6,9,7,4,0,-2,1,6,5,4,2,0,-2,-24,-24,-27,-17,-6,-14,-6,1,0,1,3,-2,-6,-7,-4,4,2,-1,-5,-2,3,4,3,4,1,4,7,11,7,9,11,0,0,4,4,1,2,4,1,-7,-25,-15,-13,-19,-7,-5,-9,0,-4,0,0,1,-8,-12,-3,-3,-2,-3,0,0,1,-3,0,1,-1,0,3,9,8,8,7,-1,0,2,4,4,5,3,-1,3,-23,-11,-11,-20,-15,-11,-6,-5,-2,1,2,-1,-1,-4,-1,-1,0,-7,-5,-2,-3,-6,-1,0,0,3,8,10,9,11,6,2,0,1,5,6,4,3,0,-14,-24,-23,-20,-26,-9,-6,-3,-5,1,0,4,1,-6,0,2,4,4,-3,-2,5,7,3,4,5,2,13,14,11,16,17,17,15,18,23,23,24,24,22,21,0,-30,-7,-4,-9,-6,-6,0,0,-7,-3,7,4,5,0,4,2,1,4,4,4,5,1,1,6,5,12,15,15,19,20,18,14,18,21,21,25,21,23,20,3,-21,-8,-8,-11,1,5,8,8,0,-2,9,5,3,2,-1,2,0,0,3,1,6,1,5,6,7,7,13,18,24,25,22,16,15,19,20,20,21,21,16,-1,-34,-10,-6,-9,0,3,5,4,-3,0,9,1,1,-1,-1,0,2,-2,0,3,4,3,1,6,7,9,12,11,13,14,15,8,7,18,19,17,20,17,13,-9,-24,-8,-10,-18,-4,-6,-6,0,-7,0,9,-1,0,-1,2,3,-4,-8,-7,2,4,0,-2,0,1,6,8,7,12,15,13,7,7,13,14,18,17,14,11,-24,-23,-11,-15,-9,-4,-11,-13,-1,-12,-3,9,4,-1,0,0,-3,-1,-9,-5,3,2,0,0,3,2,1,4,5,9,12,8,3,2,7,11,13,12,9,9,-1,-24,-15,-10,-17,-12,-5,-14,-6,-10,-3,7,2,-8,-4,-5,-3,-4,-5,-4,-2,0,-1,-3,2,0,0,4,6,10,12,10,1,2,9,10,9,7,11,7,-4,-25,-9,-10,-19,-18,-5,-4,-8,-14,-8,0,-5,-2,-3,-5,-5,-3,-10,-5,-4,1,-2,-3,0,1,3,6,5,10,9,8,1,1,6,11,11,9,9,3,-6,-18,-13,-11,-15,-9,-5,-5,-5,-12,-5,1,-3,-5,-4,-7,-7,-10,-13,-10,-4,-1,-3,-1,0,1,-2,0,4,6,5,4,-2,0,3,7,8,8,9,5,-9,-25,-14,-13,-25,-10,-5,-8,-11,-13,-7,0,0,-8,-14,-10,-3,-7,-10,-11,-11,-9,-9,-4,-4,0,-3,0,3,2,6,6,-1,-1,6,5,8,7,5,1,-19,-20,-10,-11,-17,-19,-3,-5,-7,-11,-12,0,-3,-6,-10,-11,-6,-7,-11,-12,-11,-6,-8,-4,-4,-2,-3,0,4,4,3,3,0,0,3,3,8,8,11,10,-10,-28,-14,-19,-15,-15,-2,-4,-13,-13,-3,-1,-4,-11,-8,-5,-7,-12,-13,-13,-9,-7,-9,-4,-7,-7,-2,2,1,1,3,6,4,7,10,9,14,13,13,9,-8,-21,-15,-12,-16,-19,-1,-1,-8,-21,-12,-5,-2,-6,-11,-12,-11,-15,-13,-7,-8,-4,-6,-8,-5,-5,-2,2,2,9,13,7,3,4,10,11,11,10,11,8,-5,-23,-9,-9,-18,-12,-1,-1,-5,-11,-3,-1,-10,-15,-10,-11,-10,-18,-12,-10,-8,-6,-9,-6,-6,-4,-4,0,1,5,7,6,2,0,4,6,7,8,9,5,0,-31,-12,-11,-20,-17,-4,-4,-6,-14,-7,-1,-11,-15,-14,-12,-12,-9,-11,-11,-11,-9,-10,-7,-7,-10,-5,-1,-6,6,3,1,-4,-3,4,7,8,7,5,2,-16,-25,-16,-14,-13,-10,-2,-6,-12,-17,-6,-3,-11,-13,-13,-13,-13,-14,-16,-13,-10,-13,-13,-10,-9,-8,-8,-3,-3,-1,0,0,-2,-4,0,1,5,5,5,1,-12,-24,-10,-12,-23,-18,-5,-7,-20,-21,-11,-7,-10,-18,-18,-14,-15,-16,-16,-17,-11,-10,-16,-10,-7,-10,-7,-5,-6,-1,2,1,-4,-5,-1,0,2,2,2,-1,-15,-30,-17,-19,-17,-16,-5,-6,-16,-18,-11,-9,-13,-16,-17,-15,-16,-16,-18,-13,-14,-13,-15,-9,-6,-10,-10,-8,-5,-2,0,0,-5,-8,-1,2,3,0,1,-2,-6,-27,-17,-16,-20,-14,-5,-9,-9,-11,-7,-7,-18,-16,-15,-12,-14,-14,-14,-18,-15,-11,-15,-12,-6,-5,-6,-2,-4,0,-3,-3,-8,-7,-4,1,2,0,2,-1,-8,-23,-13,-12,-19,-21,-7,-12,-13,-19,-14,-9,-15,-18,-19,-17,-13,-14,-13,-11,-14,-10,-17,-14,-7,-8,-8,-7,-6,-6,-6,-5,-7,-6,-3,0,0,0,-2,-3,-14,-39,-14,-14,-21,-14,-13,-13,-20,-24,-15,-9,-15,-21,-21,-16,-17,-21,-24,-22,-18,-15,-15,-13,-12,-7,-8,-9,-9,-10,-4,-4,-11,-7,-3,-3,-1,-1,-4,-6,-12,-21,-16,-16,-24,-22,-17,-21,-17,-23,-11,-8,-14,-17,-17,-17,-15,-19,-18,-12,-17,-19,-16,-14,-12,-11,-9,-6,-5,-2,-1,-3,-6,-7,-3,0,0,2,1,0,0,-50,7,-7,-4,-2,-1,-3,0,4,1,5,-1,1,-1,0,3,0,-1,0,1,4,0,4,1,3,4,1,4,5,4,1,1,5,-3,-4,-1,0,2,0,0,-46,6,-5,-1,2,-2,-5,3,4,0,6,-2,2,0,2,0,-8,-5,1,9,8,6,8,1,7,4,3,0,0,0,-3,0,4,0,2,2,0,0,0,0,-36,10,-6,-6,1,-1,-9,-6,-3,2,7,1,3,0,0,-2,-4,1,1,-2,2,2,5,0,0,-2,0,3,1,0,0,1,-1,-3,0,0,0,2,0,0,-38,15,1,-3,5,1,0,0,0,-6,6,-1,4,2,5,3,1,1,-2,0,2,6,9,2,3,4,4,0,2,1,0,0,1,0,0,0,-1,-1,-1,0,-39,10,2,0,0,0,-1,0,-1,0,3,0,3,-1,6,4,-3,0,-3,0,6,0,6,0,-1,2,2,2,0,0,0,0,1,-1,0,-3,0,0,-1,0,-44,4,-4,-3,0,1,-9,-3,-3,-7,3,1,3,-2,0,-3,-2,3,5,6,8,3,4,6,4,3,3,1,2,0,0,0,0,0,1,0,0,0,1,0,-43,13,-1,-7,0,2,-3,0,-6,-1,-3,-4,2,0,-2,-1,-1,5,2,3,11,5,3,-2,0,0,-1,0,2,0,-2,-3,1,1,0,-2,0,-2,1,0,-48,14,-3,-1,3,2,4,0,-2,-8,2,0,5,-1,0,-2,-2,1,5,1,0,-1,3,0,-2,-2,-2,4,6,0,-2,-1,0,-1,-1,-2,-1,0,2,0,-50,14,-12,-11,-5,-1,-3,7,-1,-1,4,-1,3,-1,1,-3,-2,0,1,-1,1,-2,2,-2,0,-3,-3,-2,7,4,-2,-2,2,1,1,0,0,0,0,0,-77,16,3,-27,-11,-3,-1,14,-6,-13,9,0,5,0,0,-4,0,0,-1,-1,2,-2,3,2,-1,-5,-2,0,4,7,-4,1,2,0,-2,2,0,-1,0,0,-63,13,-6,-15,-6,-5,-6,4,0,-5,10,2,2,-8,6,-5,-1,7,0,0,7,-3,5,1,-2,3,4,3,2,2,-2,3,5,2,0,3,-1,0,0,0,-59,2,-8,-12,-2,-11,-17,-1,-6,-4,3,-2,2,-2,3,0,-5,-1,-2,-1,6,3,9,0,0,2,3,-4,-3,2,1,0,1,0,0,-3,-1,3,0,0,-48,12,3,0,-2,-10,-9,2,2,0,7,-1,5,0,-1,-2,0,3,0,0,9,7,10,1,-1,-1,1,0,2,0,0,-2,0,0,3,1,0,4,4,0,-47,16,0,-8,-3,-10,-13,0,3,-1,5,2,5,0,-1,0,-2,4,0,0,8,8,6,-2,-3,3,5,2,1,0,-3,-4,-2,-2,1,-2,0,3,4,0,-45,18,-5,-5,1,-8,-11,0,3,0,6,-2,3,0,-3,-2,-5,-1,-4,-4,7,9,15,2,-2,0,0,2,-1,1,0,-5,0,0,2,1,-2,4,2,0,-51,9,-10,-14,-5,-12,-14,3,-3,-4,1,-3,5,0,-4,-1,-5,3,0,1,12,10,11,1,1,1,0,3,2,0,-2,0,2,2,3,1,3,9,4,0,-33,18,1,-7,-3,-2,-7,5,3,-1,12,6,1,-3,0,1,-1,4,-1,1,8,4,10,0,2,4,4,-2,-1,0,-1,-2,-1,-3,2,-1,0,3,2,0,-64,-5,-3,-26,-8,-5,-15,-4,-7,-10,2,-2,-3,-6,-1,-3,-13,-5,-2,-3,4,0,4,-3,-2,2,-2,0,-3,-5,-5,-4,2,0,2,1,0,-1,1,0,-60,-5,-12,-2,-7,0,-3,5,3,7,13,-1,3,-1,0,-1,-4,-1,2,3,3,1,7,7,5,6,4,8,3,0,0,1,3,-1,1,1,-1,1,0,0,-62,-14,-4,-6,0,3,-3,3,4,6,6,-3,3,2,4,4,0,4,6,4,0,0,8,6,5,9,5,3,2,5,9,5,1,1,2,0,-4,-1,0,0,-59,-16,-7,-7,-10,0,-8,0,-1,3,7,-6,7,0,0,0,-6,2,3,0,1,0,5,5,5,7,2,1,2,6,4,3,0,2,2,2,-1,0,1,0,-57,-23,-4,-10,-3,0,-7,5,12,5,11,-2,3,2,1,7,4,5,6,1,3,7,6,3,8,10,1,0,2,5,3,4,0,-2,0,0,-1,-3,-1,0,-48,-13,-3,-6,-2,-2,-9,7,10,2,16,1,5,5,9,3,0,7,3,3,6,1,4,6,9,8,0,-1,8,10,10,9,2,-1,6,6,0,0,-3,0,-46,-19,-4,-9,-1,-1,-8,8,13,9,11,2,9,5,5,6,-1,6,1,2,-1,-1,5,5,9,9,0,0,6,9,15,4,0,-2,0,3,-3,-2,-1,0,-40,-14,-9,-8,0,-5,-10,1,8,6,16,7,8,8,6,7,6,9,7,4,4,1,1,5,6,3,-3,-3,2,8,6,2,0,-2,0,3,1,-1,0,0,-45,-12,-9,-17,-3,-6,-13,3,7,5,13,1,4,-2,3,5,1,8,7,0,1,0,4,5,8,7,-6,-2,1,7,6,2,-3,-3,-2,0,-2,-3,-1,0,-43,-12,-8,-10,-2,-1,-12,-2,4,7,14,4,4,-3,0,3,-1,4,7,4,0,-2,2,2,3,0,-6,-3,1,9,10,1,-1,-4,1,1,2,0,0,0,-33,-8,-2,-10,-3,0,-11,0,3,11,16,-3,4,-1,0,0,2,8,6,1,0,-3,4,6,9,7,-1,-2,5,11,9,5,-1,-1,1,0,2,0,-2,0,-39,-7,-9,-8,-4,3,-10,0,6,10,12,2,8,0,-1,2,2,6,8,4,2,-3,5,2,5,5,0,-1,2,10,11,1,0,-2,1,0,-1,-3,-4,0,-49,-16,-20,-11,-13,-4,-14,-2,4,8,16,5,10,0,2,2,0,1,3,4,-3,-7,2,2,1,4,-2,-1,1,7,7,0,-3,-1,-1,0,0,0,-3,0,-41,-12,-8,-6,-10,1,-10,-1,7,8,10,0,6,3,0,2,5,8,9,5,4,-1,8,5,8,9,5,1,4,11,12,5,1,1,2,0,0,0,-5,0,-33,-3,-5,-6,-13,-1,-4,2,7,12,12,-1,8,2,1,6,4,3,3,2,-1,-2,8,6,6,10,5,0,1,5,9,9,2,-2,-1,-2,0,0,-1,0,-36,-13,-8,-8,-8,-1,-4,0,9,3,9,-2,3,7,-2,1,6,7,5,1,0,1,6,4,7,5,1,0,4,11,11,9,2,0,0,1,2,0,-2,0,-31,-19,-10,-11,-7,1,-6,6,9,6,10,-4,2,0,0,4,1,7,3,0,0,-2,5,7,6,8,-1,-5,2,8,9,4,-2,-4,1,0,-2,0,-5,0,-25,-15,-12,-7,-2,1,-8,2,10,6,10,-2,3,1,0,8,4,7,5,3,1,-1,12,9,11,8,1,0,4,13,15,7,-2,-1,5,-1,0,0,-1,0,-21,-12,-12,-3,1,5,-7,5,13,6,8,-2,4,-2,1,7,3,5,6,1,0,-5,6,9,7,6,-5,-4,1,7,13,5,-5,-3,3,0,-3,-1,-3,0,-23,-9,-11,-6,3,6,-8,-1,12,7,6,1,7,-3,1,5,2,6,6,2,-2,-2,8,9,10,5,1,-2,0,12,14,2,-6,-3,2,0,-4,-1,1,0,-28,-16,-11,-9,1,4,-15,-3,2,0,3,0,9,-2,-2,7,0,1,3,3,0,-8,4,7,8,2,-4,-4,0,9,11,2,-5,-3,4,0,-3,-2,-2,0,-43,-21,-10,-14,0,0,-18,-9,1,1,4,0,8,-1,-1,0,-2,1,0,0,-8,-10,0,5,8,4,-1,-4,0,10,12,1,-4,-4,2,1,1,0,-3,0,-40,-31,-5,-4,-1,-1,-9,-1,1,0,8,-2,9,2,5,3,8,8,6,0,-4,-8,2,6,13,5,-2,-5,-2,10,13,4,-3,-3,1,2,0,-1,-4,0,-38,-22,-7,-5,1,1,-8,1,5,1,4,0,9,0,1,3,0,3,0,-3,-5,-11,5,10,10,9,0,-4,0,11,13,6,-2,-4,0,1,0,-3,-3,0,-38,-20,-6,-12,-7,0,-10,2,5,0,2,-6,9,2,3,0,4,4,0,-4,-5,-9,4,7,11,8,2,-6,0,7,12,3,-2,-6,-1,0,-1,-1,-6,0,-34,-15,0,-6,-4,2,-3,4,4,3,7,-2,10,3,8,9,8,5,0,-4,0,-3,8,4,9,11,4,-2,0,6,9,7,-1,-2,-3,0,1,-1,-2,0,-37,-20,-4,-10,-11,-3,-3,5,6,5,7,-1,10,7,8,6,2,3,-1,-4,-4,-5,1,0,4,3,-1,-6,-1,7,8,4,-2,-3,5,0,-1,-3,-5,0,-38,-17,-3,-10,0,3,-3,7,4,0,0,-6,9,9,8,5,1,3,3,0,-2,0,6,6,14,13,2,1,6,9,7,3,0,0,1,3,0,-2,-3,0,-36,-14,0,-10,-3,2,-1,10,8,4,0,-9,8,4,7,6,1,2,0,0,0,-1,2,0,6,9,4,1,4,8,7,2,0,0,3,5,2,0,-3,0,-36,-20,-10,-16,-7,-3,-4,9,2,4,-2,-14,0,3,4,2,-3,3,4,4,1,0,1,-4,3,2,1,2,1,3,2,0,-1,-1,0,0,0,0,0,0,-40,-6,2,-11,-2,5,5,12,6,2,5,-7,1,1,5,6,-1,1,6,6,0,2,3,2,7,2,3,4,4,3,2,0,0,-1,5,3,0,1,-2,0,-37,-18,-7,-17,-2,-1,-5,4,3,0,3,-11,3,4,4,1,-2,3,2,0,1,-2,4,3,0,0,1,4,3,0,0,1,2,0,0,0,-1,0,-1,0,-45,-14,-12,-20,0,-3,-3,-2,10,-4,4,-4,-2,0,8,3,-2,2,2,-2,0,-3,6,0,0,7,2,5,2,4,3,-1,1,1,5,3,-1,-1,0,0,-64,0,-15,-21,-7,-1,-10,0,8,4,11,9,3,1,3,0,-3,0,2,2,-1,1,1,0,2,2,5,3,2,3,0,0,0,-3,0,0,-3,-1,0,0,-80,6,-5,-10,-4,-1,-2,7,9,-1,10,5,8,5,7,0,-4,0,4,4,9,1,6,2,4,6,11,5,6,7,2,0,0,-2,2,0,0,0,0,0,-71,10,-11,-10,-6,4,-5,6,3,-3,6,0,5,5,8,2,-4,-1,-1,4,6,2,7,3,2,5,12,5,3,6,1,-1,2,0,2,1,-1,0,-2,0,-69,8,-13,-11,-4,1,-6,-2,1,-2,8,4,15,11,12,0,-6,2,1,2,9,5,9,3,5,7,7,6,4,4,3,3,5,6,7,0,-2,0,0,0,-59,7,-9,-14,-6,-3,-6,6,2,-3,7,6,7,4,10,3,-9,1,2,4,8,3,5,2,-1,4,7,4,1,1,-1,0,2,0,1,0,0,3,0,0,-55,15,-8,-14,-4,-3,-6,8,6,0,12,1,3,0,7,0,-7,-1,0,2,7,1,5,2,1,0,6,5,4,1,1,0,1,-1,1,2,0,2,0,0,-51,6,-14,-15,-8,-5,-10,4,5,-2,3,-4,4,-2,0,0,-7,-3,0,2,1,0,6,-1,3,8,6,3,0,2,0,0,3,0,2,2,0,3,0,0,-52,8,-14,-16,-3,2,-1,6,7,9,8,-6,7,4,-1,-3,-8,0,1,7,10,5,8,0,6,8,6,3,1,1,0,-1,3,5,5,4,3,4,-1,0,-48,13,-14,-15,-8,0,-2,6,9,0,8,-1,5,6,2,0,-8,0,1,7,8,0,8,3,2,1,6,4,0,0,0,0,3,0,0,1,1,3,1,0,-40,17,-5,-6,-2,-1,-3,3,4,10,10,-2,4,-3,3,-1,-12,-3,0,1,5,3,6,1,1,5,5,5,5,0,1,1,-2,0,3,1,0,0,1,0,-49,9,-10,-18,-7,0,-6,11,11,9,12,4,1,4,5,0,-8,-2,-1,0,10,0,7,4,3,7,4,3,3,1,1,-1,2,-1,0,0,0,0,1,0,-60,23,-6,-13,-9,-3,-5,6,2,-2,9,2,2,0,1,-1,-4,-1,3,2,8,6,9,5,3,6,9,5,3,1,0,4,3,-1,3,5,1,0,2,0,-61,26,-3,-12,-6,0,-2,11,8,1,11,2,3,1,4,-1,-5,0,1,2,5,1,9,3,2,3,8,3,5,5,-1,0,4,1,3,3,0,1,1,0,-64,22,-8,-14,-14,-8,-11,5,8,5,8,0,6,3,6,-1,-6,0,1,1,5,2,7,-3,0,4,7,1,1,2,0,-1,1,2,4,1,0,2,0,0,-53,26,-4,-13,-7,-6,-6,7,7,4,9,0,2,-1,3,-4,-3,0,-1,0,6,3,9,1,1,6,4,5,2,0,0,-1,0,0,2,0,1,1,-1,0,-45,21,-5,-6,-8,1,1,7,6,4,9,6,2,-5,0,-5,-5,1,-1,2,9,4,10,6,4,4,5,5,5,1,0,0,2,0,1,0,0,3,1,0,-42,24,-4,-7,-1,1,0,6,2,0,10,3,5,-2,-1,0,0,0,-2,1,9,5,6,0,5,3,3,3,0,2,0,-1,-2,0,3,0,0,1,0,0,-51,19,-1,-10,-1,-1,-5,3,-2,-8,0,-6,-5,-9,-3,-5,-6,-2,-5,-1,2,-1,0,-4,-1,3,2,2,0,1,-1,-1,1,-3,-3,-1,-1,1,1,0,-44,19,-6,-7,-2,-3,0,4,5,-4,-1,-11,-1,-6,-6,-6,-9,0,-2,0,3,-1,3,1,0,1,3,1,4,2,-1,-1,0,-2,-1,0,-1,2,0,0,-41,22,3,-1,-2,1,1,2,6,-1,1,-1,2,-7,-3,0,-4,-1,1,3,3,0,6,1,1,4,3,2,2,2,-1,0,3,-1,0,-1,0,3,0,0,-47,23,7,0,0,-1,0,4,-1,-3,0,-3,0,-3,1,9,3,2,4,6,8,1,4,1,3,7,6,3,4,3,0,-2,0,1,2,3,1,1,2,0,-38,13,-3,-3,2,8,0,5,6,0,3,0,-2,0,0,-5,-5,1,0,2,6,3,8,6,2,3,1,5,8,3,2,0,-2,1,1,-2,-1,-1,1,0,-44,-4,-18,-4,-7,3,1,1,0,-2,5,1,0,0,1,0,0,-2,-5,-6,0,1,11,5,0,0,4,4,7,5,-3,-2,2,1,0,-2,2,4,2,0,-45,-26,-15,-2,-10,0,-5,-5,1,0,4,-2,6,2,5,2,-3,-1,-2,-4,-6,0,13,3,-1,-1,3,3,10,3,-6,-1,4,2,0,-3,1,6,2,0,-67,-17,1,-3,-3,4,-3,1,-1,2,7,-2,10,8,7,8,3,-3,-1,-5,3,5,13,6,2,-1,6,12,15,7,-6,-4,4,4,-2,-2,3,4,0,0,-73,-28,-3,-7,-9,-2,-8,0,-2,-7,1,4,10,6,6,4,0,-2,-4,-4,4,4,9,0,-3,0,2,9,12,3,-6,-1,4,4,-7,-1,5,3,-1,0,-63,-38,0,-6,-7,5,-10,0,-4,-11,5,1,6,3,13,9,-2,-5,-3,-1,4,6,11,1,-6,-3,3,9,8,1,0,0,6,3,-6,1,8,6,0,0,-51,-34,4,1,-3,7,-4,9,2,-5,10,6,13,5,9,12,0,-3,-1,6,11,6,9,0,-2,2,11,14,6,2,2,8,8,2,-4,2,6,5,-1,0,-46,-36,-1,0,0,3,-10,7,4,-1,11,3,11,1,4,8,3,-2,2,8,9,5,12,2,-2,0,10,9,3,-1,0,3,5,3,0,1,2,4,-1,0,-48,-34,-2,-2,1,5,-7,10,4,-5,8,-1,7,8,10,9,-5,-9,-1,7,11,9,11,-1,-2,2,11,11,4,0,0,2,3,0,-2,-1,3,6,1,0,-43,-37,0,-2,1,-3,-4,8,2,-6,8,0,5,6,9,-1,-12,-11,-2,5,8,3,7,-3,-5,4,8,5,0,-1,1,5,2,0,0,-2,-1,1,3,0,-46,-43,-7,-12,-9,-11,-12,0,-2,-9,4,0,3,2,3,0,-13,-14,-1,4,10,2,5,-5,-4,4,9,6,1,-1,1,5,0,-2,0,0,-3,0,3,0,-57,-22,-1,-10,5,0,-4,10,-1,-5,9,3,7,7,14,4,-8,-12,-1,5,10,5,8,2,0,7,11,6,-2,-4,2,5,2,1,5,-1,-1,-1,1,0,-67,-7,-12,-9,-7,-2,-1,11,1,-6,4,-1,6,1,4,2,-7,-10,0,5,10,2,4,-2,-3,5,9,6,0,2,3,2,3,0,1,1,-4,0,0,0,-66,-4,-19,-12,-4,-5,-7,8,6,0,5,1,9,5,16,9,3,0,5,12,14,7,9,3,-1,8,14,6,0,3,3,1,4,4,4,-1,-2,0,0,0,-54,-4,-10,-4,0,-2,-6,5,5,-4,8,3,12,1,9,1,-8,-7,-1,7,10,5,8,-1,-4,9,12,10,4,3,4,4,0,0,2,1,0,0,0,0,-51,-11,-9,-9,-7,-1,-3,11,11,-1,5,3,7,2,6,0,-5,-4,0,7,9,6,8,3,4,9,15,13,6,4,5,5,5,0,2,0,-3,-2,0,0,-53,-9,-9,-12,-7,-7,-5,8,4,-7,8,0,6,6,4,1,-4,-4,3,9,13,7,7,-1,-2,4,12,9,1,3,4,2,6,0,0,0,-1,1,3,0,-46,-4,-7,-12,-2,-3,-8,14,10,-3,9,4,7,2,5,1,-4,-6,1,7,6,-1,5,0,1,5,10,10,2,3,4,4,3,-3,-1,0,0,0,-2,0,-48,-7,-6,-14,-9,-13,-8,12,4,-3,11,1,1,-2,5,0,-3,-3,-4,4,9,6,10,2,3,5,11,9,2,1,4,5,4,-2,0,0,-1,0,1,0,-45,-4,-6,-15,-9,-12,-8,8,4,-2,9,2,5,2,6,1,-9,-3,0,5,10,4,7,1,1,4,10,7,0,0,1,2,0,-1,-2,0,0,1,3,0,-44,-4,-6,-19,-9,-12,-3,14,5,2,10,0,2,0,5,0,-14,-7,-4,3,5,0,4,1,-1,5,10,7,0,1,-1,0,-1,-2,-4,-2,-3,-3,-1,0,-34,1,-1,-11,-5,-5,1,13,2,2,12,1,0,5,7,4,-7,-6,-1,10,15,6,6,-1,-2,6,13,11,3,1,3,7,1,-2,2,1,-2,-2,3,0,-35,6,-12,-10,-9,-7,0,13,5,-2,6,2,4,3,8,0,-7,-6,-1,3,12,6,6,-3,-3,8,12,5,2,0,0,3,0,-1,0,0,-3,-2,-1,0,-44,6,-17,-12,-10,-2,-2,15,6,-4,6,-1,4,0,3,-1,-9,-12,-3,6,9,0,8,-1,-6,5,14,5,0,0,1,0,1,-2,-1,-2,-5,-2,0,0,-43,6,-11,-12,-9,-5,-3,16,5,-3,5,-2,2,2,2,-4,-9,-11,-5,1,9,1,5,0,-1,4,11,9,1,-1,2,0,0,-2,0,-2,-4,-3,0,0,-38,8,-10,-8,-8,0,-5,14,10,-5,6,2,6,-2,5,2,-7,-6,-3,4,9,8,10,-3,-1,9,11,8,4,0,3,4,1,-3,1,0,-3,-1,-3,0,-42,-3,-15,-15,-12,-7,-15,6,4,-4,1,-7,1,1,0,-1,-7,-5,-2,1,10,5,9,1,-3,4,12,7,2,2,3,2,2,0,3,0,-2,0,0,0,-36,0,-9,-17,-9,-7,-10,7,4,-1,6,-3,4,6,2,-1,-3,-1,-4,3,15,11,12,2,4,12,11,10,4,5,4,3,7,-1,0,3,0,-2,-1,0,-32,5,-2,-14,-10,-9,-4,9,3,-5,6,0,6,4,-1,-4,-6,-2,-3,5,7,8,9,0,0,4,9,7,2,0,1,2,2,-1,3,1,0,0,-1,0,-31,4,-6,-11,-13,-5,-3,8,1,-4,5,-1,0,-1,0,-4,-11,-12,-7,1,8,3,6,-2,1,6,8,4,0,-2,1,1,-1,-2,1,0,-2,-2,-1,0,-29,0,-2,-8,-9,-2,-6,8,2,0,10,1,5,5,6,0,-6,-5,0,6,18,8,7,-4,0,7,13,6,1,-2,1,2,0,0,0,0,0,1,0,0,-31,-3,4,-3,-3,0,-7,14,8,0,7,0,6,4,6,-5,-6,-1,-5,8,16,6,7,-1,5,6,6,5,0,-1,0,0,3,1,1,0,0,1,0,0,-42,-5,7,-4,1,-1,-4,7,0,5,11,0,9,3,6,-2,-8,-5,-5,8,11,7,7,0,2,3,9,6,1,-1,0,-1,1,0,2,1,-2,0,0,0,-41,-4,1,-11,-3,-5,-11,7,1,-1,7,0,0,1,2,-4,-8,-5,-1,4,10,6,6,-1,-1,3,5,2,-1,-3,0,-3,-1,1,2,1,1,1,0,0,-43,2,0,-14,-3,0,-8,12,10,-4,-3,-2,7,6,3,1,-2,-5,-4,5,16,6,9,0,3,8,11,7,-2,-4,0,3,4,0,3,4,0,0,1,0,-42,-1,2,-9,-1,-3,-4,15,6,-7,2,-3,13,11,0,-2,0,0,-7,-2,4,3,5,-4,-8,2,6,2,1,1,0,2,3,1,2,3,2,-1,-3,0,-40,-10,-9,-10,-2,-6,-7,10,4,-9,5,-5,2,0,0,-5,-10,-3,-7,-1,8,8,7,0,0,3,5,4,1,-2,-1,-1,0,-1,0,0,-4,-2,-2,0,-39,-8,-3,-8,0,-10,-15,1,-2,-1,8,-2,9,0,2,-1,-3,1,1,5,9,7,11,3,7,10,11,9,7,5,4,4,2,3,7,2,1,0,-1,0,-42,-2,3,-10,0,-7,-12,6,3,-1,5,0,15,3,5,0,-3,0,3,0,9,5,6,1,3,4,6,7,5,6,0,1,3,0,3,4,0,0,-1,0,-39,-3,0,-13,0,0,-9,4,0,0,8,-1,13,5,5,0,-5,-1,0,0,6,7,3,-1,2,5,2,5,5,2,-1,0,3,1,1,5,0,-1,-1,0,-44,-9,-6,-13,-3,-6,-12,1,-4,-7,2,3,12,3,4,-4,-3,-7,-5,0,10,7,7,1,-1,2,8,5,4,3,0,0,0,-3,5,2,1,0,-2,0,-64,0,6,-22,8,2,-5,6,8,-6,5,-3,12,6,6,2,-8,0,1,0,14,8,11,-2,0,5,9,8,2,4,2,2,5,-1,6,6,2,0,1,0,-44,-6,-7,-3,3,-2,-6,9,6,-3,4,-1,9,6,7,-1,-3,-1,-2,4,11,8,7,-4,-1,2,7,6,0,-3,-1,0,0,-2,2,3,-1,-1,2,0,-83,3,-10,-5,1,0,-7,5,-2,-3,8,1,2,-5,5,-2,-8,-1,8,3,6,2,3,0,-3,2,6,3,0,3,1,0,3,0,2,-1,-6,-2,1,0,-71,3,-13,-14,-6,-3,-9,1,4,4,9,5,12,2,5,-7,-5,9,9,4,6,-4,9,7,2,1,6,5,7,3,1,3,4,3,3,4,-2,2,4,0,-71,-1,-11,-7,-5,-4,-10,3,3,1,13,8,15,8,2,-1,-1,11,16,7,0,-2,13,9,5,0,0,9,8,3,0,3,5,-1,-2,0,-2,1,4,0,-74,-9,-9,-7,-9,-3,-7,1,8,1,9,1,8,2,-6,-13,-8,3,5,0,-3,-5,9,10,4,-6,-2,6,5,1,2,3,1,-1,-3,1,-2,0,4,0,-61,-7,-8,-6,0,2,-8,9,6,4,19,4,8,8,4,-8,-6,5,12,4,0,3,15,14,2,-6,0,10,7,5,0,5,5,-1,-1,1,0,1,2,0,-58,-16,-18,-7,-9,-12,-10,5,4,0,10,2,7,4,-8,-16,-7,3,7,3,-4,-2,9,7,1,-5,-2,7,6,1,1,0,0,0,0,1,-1,2,2,0,-53,-10,-18,-13,-6,-8,-6,8,6,5,15,2,9,1,-2,-7,-5,9,12,8,1,0,17,17,6,-4,0,10,6,2,5,4,4,-1,2,4,3,5,2,0,-50,-7,-16,-11,-5,-1,-2,7,12,9,17,7,11,0,-4,-8,-3,9,7,6,8,1,14,13,6,-1,3,10,4,3,5,6,1,2,5,7,2,1,4,0,-43,-4,-21,-12,-4,-3,-7,6,8,8,16,1,9,3,-4,-9,-5,6,7,0,-3,-2,13,9,0,-4,-2,5,3,0,1,2,2,2,2,2,1,3,0,0,-43,-3,-21,-16,-3,-4,-7,11,12,6,17,2,9,4,-1,-7,-4,10,7,0,0,-3,13,13,1,-4,3,11,6,0,0,4,5,0,5,1,0,0,1,0,-36,1,-22,-10,-9,-3,-9,8,3,8,18,3,6,2,2,-6,-2,9,8,3,-3,-8,11,10,-1,-6,0,7,4,-4,-1,4,3,-1,2,3,1,-1,0,0,-52,8,-16,-7,-8,-3,-5,8,5,8,17,7,10,2,3,-7,0,12,16,1,-3,-6,11,18,2,-6,3,6,4,1,0,7,7,0,2,4,1,4,1,0,-50,4,-16,-10,-3,-3,-8,7,8,10,12,4,10,-5,0,-4,-9,6,9,3,-4,-7,13,10,2,-3,2,8,8,-2,0,6,5,-2,2,3,-3,0,0,0,-51,-4,-13,-4,-6,-1,-11,9,16,10,21,7,7,2,-1,-8,-4,11,12,3,0,-4,14,13,4,-2,5,9,6,0,0,4,6,3,0,0,0,0,2,0,-44,-5,-5,-3,-4,-3,-12,8,16,7,18,9,9,0,-5,-10,-6,8,12,4,-3,-6,12,13,2,-7,2,8,6,0,1,3,4,0,0,0,0,0,2,0,-39,-10,-11,-8,-9,-9,-11,7,5,6,20,9,8,2,0,-7,-4,7,15,6,-2,-2,10,10,-1,-9,0,10,6,3,1,5,5,0,2,2,2,4,0,0,-33,-12,-16,-5,-4,-7,-4,4,4,11,23,3,8,0,-9,-8,0,9,18,14,2,1,16,16,8,-1,7,17,10,2,8,10,7,1,6,4,2,2,2,0,-26,-10,-17,-1,-3,-2,0,7,12,12,19,1,10,2,-10,-11,-5,12,14,9,0,0,15,14,5,-7,1,13,4,1,5,4,2,0,2,4,0,0,5,0,-29,-13,-15,-3,-4,-3,-5,2,8,13,21,8,10,4,-7,-13,-3,12,13,4,-3,-8,7,8,0,-15,0,11,3,-2,4,6,1,0,2,0,0,3,4,0,-30,-13,-11,-7,-12,-6,-4,-4,4,7,11,0,8,3,-8,-12,-6,10,17,8,-1,-5,11,14,1,-11,-1,16,9,2,7,10,2,0,4,4,0,3,0,0,-23,-4,-9,-2,-6,3,-2,0,7,14,16,4,12,0,-4,-9,-3,10,15,10,0,-3,12,8,-1,-10,-2,14,7,-2,3,6,1,-2,2,2,0,1,0,0,-38,3,-10,-5,-6,4,-8,7,16,14,17,9,10,0,-5,-10,-3,11,14,7,1,0,7,7,-1,-6,0,5,6,4,3,3,0,1,5,5,1,0,2,0,-44,7,-14,0,-3,0,-7,4,10,9,16,9,6,-11,-8,-6,-4,8,14,4,-2,-8,8,4,-1,-4,-3,1,3,0,2,5,2,-2,3,3,-1,3,0,0,-61,5,-2,-16,4,1,-9,17,12,4,17,-3,4,-3,2,-2,-2,6,7,8,8,-3,9,6,-4,0,2,4,6,10,7,5,4,0,0,2,0,1,-1,0,-78,10,-5,-11,-5,-7,-3,13,10,4,9,-3,3,0,5,-3,-2,2,5,10,11,9,10,6,-4,-2,2,5,9,9,1,2,3,-2,2,3,1,2,-1,0,-59,7,-10,-9,-5,-7,-6,11,5,-1,11,-2,11,0,2,-1,-3,-3,-2,5,10,4,6,4,0,1,4,4,8,5,2,0,3,0,3,0,-3,5,-2,0,-58,9,-15,-13,-7,-8,-8,6,0,-2,6,-4,9,1,0,-3,-3,-1,0,7,10,3,6,0,-5,-4,-1,1,5,3,1,-1,1,-1,4,5,2,1,1,0,-44,7,-12,-9,0,-3,-2,12,2,2,10,5,9,5,0,-4,-5,5,3,7,11,3,8,4,0,0,2,3,7,4,1,0,0,-3,1,0,0,0,1,0,-43,11,-9,-5,5,-2,-3,9,9,3,7,3,9,0,-3,-7,2,8,6,7,9,1,6,5,0,-1,1,4,8,6,0,1,3,2,0,2,0,1,-1,0,-45,4,-11,-4,4,-4,-6,7,8,2,9,0,11,2,0,-4,-1,11,6,11,14,1,5,3,-3,-5,1,6,6,1,2,1,3,-2,2,0,0,1,0,0,-40,5,-2,-2,5,-4,-3,5,4,0,6,-4,0,1,-3,-7,-6,9,3,11,6,4,3,1,0,-2,2,4,6,2,6,3,2,0,1,0,0,-1,0,0,-62,5,9,-20,6,1,-4,2,11,1,4,4,4,-4,-2,3,-4,3,4,6,9,1,7,6,3,2,1,2,5,5,4,2,2,0,1,0,0,1,1,0,-54,-12,-5,-15,-5,-1,-4,5,2,-2,9,-1,2,3,9,3,-2,5,6,0,4,3,8,3,3,4,0,1,4,4,0,1,3,-1,0,0,0,1,1,0,-66,-4,-8,-9,-6,2,-5,1,-2,-2,6,-8,5,2,3,8,0,2,0,-1,1,-5,3,4,4,5,8,-1,0,1,2,1,4,0,2,1,0,4,-1,0,-70,-19,-5,-7,-11,-3,-10,-4,-3,-4,3,-7,5,4,2,0,0,2,0,0,-1,0,5,5,4,8,4,0,2,4,8,7,0,0,0,-1,-2,-1,-2,0,-57,-11,3,-3,-4,-1,-6,4,3,0,10,0,3,5,2,-1,0,4,0,-3,2,-2,3,2,5,10,6,0,1,8,6,3,0,0,0,1,0,-3,-4,0,-57,-15,1,-6,-1,1,-7,5,10,4,12,1,5,0,4,3,-2,0,1,-1,1,1,7,2,8,7,1,0,6,9,6,6,3,0,3,2,0,-1,-4,0,-58,-21,-9,-16,-5,-7,-17,0,5,-2,4,-6,1,-3,0,-2,-3,0,-4,-3,-2,-5,0,0,4,3,-4,-6,2,5,5,5,0,-2,7,3,0,0,-3,0,-54,-27,-7,-16,-6,-8,-18,-5,-2,-3,3,-4,-1,-4,0,-4,-5,-1,-4,-2,-2,-5,4,0,5,6,-1,0,3,5,5,2,-2,-2,1,1,0,-1,-2,0,-55,-26,-10,-15,-2,-5,-11,1,5,3,10,-5,2,-2,-1,-2,-2,1,2,-5,-2,-5,0,1,4,2,-2,-3,0,7,8,2,-2,-4,0,0,-2,-3,-1,0,-42,-18,-5,-8,-1,0,-11,4,5,1,13,0,9,3,8,4,1,8,5,3,2,0,6,7,9,6,2,-2,2,13,9,3,-2,-3,2,3,0,-1,-1,0,-37,-15,-8,-8,0,0,-5,3,7,6,16,2,4,0,3,1,-1,7,3,0,1,-1,3,11,10,9,3,0,1,11,9,4,-3,-2,1,1,-1,-1,-1,0,-45,-24,-13,-11,-2,-8,-14,0,2,0,10,1,4,-1,0,-2,-6,1,0,0,-1,-6,4,5,12,5,0,0,2,11,10,2,-8,-6,-1,0,-1,-2,-2,0,-39,-21,-16,-11,-3,-5,-10,0,4,0,6,-2,1,-4,-2,0,-5,1,4,-1,-2,-4,4,6,9,7,1,-2,0,11,11,1,-3,-2,0,1,-1,-4,-3,0,-44,-15,-13,-3,-5,-1,-9,1,4,1,7,1,11,1,1,1,0,4,8,3,4,-6,5,7,7,5,3,0,2,11,14,2,-4,-3,0,3,0,-2,-2,0,-43,-9,-9,-6,-6,0,-6,5,9,8,9,0,10,3,0,3,2,5,1,3,1,-3,7,9,10,7,7,-2,0,9,10,1,-3,-3,0,0,-2,-2,-5,0,-42,-4,-3,-12,-9,-2,-3,6,5,3,9,-2,9,2,1,0,0,3,7,2,5,3,9,12,11,7,9,5,4,13,12,4,2,-1,0,0,1,-1,-2,0,-32,-12,-7,-11,-12,0,0,4,6,2,8,-3,0,0,1,0,0,3,-1,-1,0,-2,5,1,7,5,0,-2,-1,7,7,3,0,-4,1,0,-1,-1,-5,0,-36,-22,-9,-11,-8,1,-8,0,5,5,3,-7,0,-5,0,0,0,3,1,0,1,0,8,6,8,8,-3,-6,2,7,6,5,-3,-4,3,0,0,2,-4,0,-29,-19,-9,-9,-6,0,-6,1,7,3,5,-7,1,-2,1,1,0,3,1,0,2,-2,9,12,11,11,1,-1,3,8,12,3,-2,-1,4,0,-1,-1,-3,0,-34,-18,-6,-5,2,7,-4,5,11,6,8,-3,4,0,2,3,3,4,3,2,0,-2,8,9,12,7,0,-3,2,13,13,3,-5,-3,0,-2,-2,-1,-3,0,-31,-18,-7,-7,0,0,-1,6,4,5,9,0,7,-2,3,1,0,5,2,-2,-1,-3,6,8,13,6,0,-3,0,9,9,2,-2,-4,1,0,-4,-2,-2,0,-38,-14,0,-8,4,4,-4,6,3,3,11,0,5,-7,-2,0,0,4,5,5,2,-1,8,9,11,7,1,1,3,13,10,3,-2,-3,2,2,-2,0,-2,0,-37,-15,-4,-12,0,3,-10,-2,5,3,13,2,7,0,1,3,4,4,5,1,-2,-2,3,7,7,3,0,-1,0,9,9,2,-2,-3,3,2,-3,0,0,0,-39,-14,-10,-9,0,3,-8,-4,0,1,7,-4,7,-6,-4,-1,-3,0,2,0,-2,-4,1,2,5,1,0,-2,0,8,7,0,-5,-3,1,0,-2,-2,0,0,-33,-11,-2,-5,2,-2,-7,0,4,5,17,4,9,-4,-4,3,-1,7,6,4,0,-4,2,6,8,7,1,-2,1,7,7,1,-2,-4,3,0,-1,-1,-4,0,-39,-18,-1,-9,-4,-3,-8,-4,-1,0,8,1,8,-2,-2,-3,-4,3,2,6,2,-3,5,5,8,2,0,-2,0,2,5,1,-4,-2,4,1,0,-5,-3,0,-39,-18,2,-5,-1,-2,-5,1,0,0,4,0,7,3,3,-1,-2,4,4,6,0,-1,2,2,8,6,2,0,3,8,7,1,-4,-1,5,1,0,-2,-4,0,-43,-16,4,-12,-4,-4,-9,2,0,-1,4,-4,8,3,7,3,1,3,5,0,0,-2,5,7,12,9,0,-1,3,10,8,4,1,0,2,6,1,-1,-3,0,-39,-14,2,-6,1,3,-4,-2,3,-1,3,-10,8,7,5,3,1,4,3,-1,0,3,5,1,12,9,3,0,2,8,5,4,3,0,3,0,-1,-3,-2,0,-37,-12,0,-12,-4,4,-3,1,5,0,3,-9,4,3,4,2,-2,2,4,6,1,-2,0,1,6,6,5,1,5,6,2,2,2,1,0,0,0,-1,-2,0,-40,-19,-5,-17,-6,2,1,11,8,7,6,-4,6,12,8,3,1,8,4,3,0,-4,4,-5,0,2,1,6,5,5,3,0,4,1,0,1,-1,0,0,0,-34,-11,-4,-14,-4,-2,0,11,4,-3,4,-4,7,4,2,0,-2,-1,3,5,1,-2,3,1,6,8,5,5,3,5,3,-1,0,-2,-3,1,2,2,0,0,-34,-7,-4,-16,5,11,1,10,7,0,5,-3,4,2,3,1,-1,0,3,5,2,3,9,6,3,5,6,4,5,3,4,2,1,1,0,1,1,-2,-2,0,-79,-2,-22,-14,-4,-2,1,4,7,2,8,-1,0,6,8,0,-6,0,0,0,2,-1,4,3,0,5,7,2,0,1,0,1,3,-1,-2,-2,-4,-2,-1,0,-64,4,-13,-11,3,1,-4,1,0,-7,4,2,4,0,0,0,-2,3,6,8,9,4,5,4,3,8,6,5,9,8,5,0,4,0,4,2,1,-2,-1,0,-53,8,-8,-22,-2,-4,-4,8,0,2,13,2,11,2,-1,0,-2,0,5,4,5,1,4,1,4,5,7,7,7,4,0,0,4,3,1,-1,0,0,-2,0,-49,2,-13,-16,-12,-4,-4,0,1,-5,7,1,8,2,3,0,-5,4,5,6,8,4,10,1,4,6,8,10,8,7,1,4,2,0,3,3,0,0,-1,0,-50,3,-15,-14,-1,3,0,2,-2,-3,9,-4,0,0,8,0,-11,-1,2,2,3,0,4,1,0,5,7,8,9,8,1,-1,0,0,2,1,0,-1,0,0,-48,-6,-15,-13,-5,3,0,-2,-10,-10,2,-7,4,0,2,1,-8,-1,3,4,0,-3,-2,-6,-6,1,6,6,4,1,0,1,-1,0,1,2,2,1,0,0,-45,0,-7,-10,1,6,3,7,-1,-4,4,-2,9,7,2,4,-7,1,3,5,6,2,7,0,5,8,7,6,5,0,-1,-1,1,-1,1,0,1,2,2,0,-46,0,-3,-8,0,6,0,1,1,-3,11,-1,5,-1,0,-3,-9,0,2,3,6,7,9,3,4,3,6,4,6,2,0,0,3,0,2,4,3,1,-3,0,-36,6,-5,-8,-7,7,2,1,-3,0,10,-1,6,2,1,1,-5,-2,3,3,3,2,5,-1,1,1,3,5,3,0,1,-1,0,0,0,0,0,2,0,0,-41,5,-8,-14,-1,4,0,0,3,-2,3,-2,12,6,1,-4,-9,-2,2,4,2,0,6,3,7,7,3,7,3,3,2,-1,0,0,0,-3,0,0,0,0,-42,9,-11,-10,-6,5,-4,2,-2,0,2,-2,3,0,-6,-9,-9,-3,2,2,1,2,4,1,2,2,1,3,0,-1,-1,-3,2,2,4,1,3,0,-1,0,-50,15,-17,-12,-4,1,0,-1,0,0,6,1,4,6,7,-3,-4,-5,-1,5,7,3,7,4,1,4,2,0,0,2,4,1,5,3,4,1,4,3,1,0,-52,17,-5,-11,0,0,0,3,-4,-3,13,6,8,0,-3,-4,-10,0,3,5,9,3,6,3,2,2,0,0,4,1,-2,0,0,0,1,1,4,3,1,0,-38,19,-3,-13,-7,0,0,8,0,0,7,-1,4,0,2,0,-7,-6,-1,5,8,5,7,2,4,4,5,4,5,4,0,0,1,2,1,-2,0,2,1,0,-37,15,-8,-8,-5,0,0,6,6,0,8,-4,9,3,0,0,-6,0,2,5,12,7,9,6,2,6,10,5,5,6,0,2,2,0,5,3,2,3,-1,0,-34,15,-9,-12,-8,-2,-5,0,-2,-4,3,0,8,2,4,0,-5,-6,-1,3,5,3,6,2,0,0,2,2,3,0,1,0,0,0,2,0,2,1,0,0,-35,15,0,-7,-2,1,0,2,-2,-2,3,-1,9,0,1,-4,-12,-7,-2,3,6,4,9,4,2,6,5,0,0,4,2,0,2,0,0,0,0,1,0,0,-36,13,-5,-11,-7,-3,-2,0,-1,-1,6,-2,11,1,0,1,-6,-4,-1,5,4,3,7,2,3,2,2,1,3,2,1,2,4,1,1,1,4,0,0,0,-30,12,-3,-11,-10,3,-3,3,8,2,5,-2,5,2,4,3,-3,-1,0,1,3,7,7,1,3,5,5,1,5,3,1,-1,0,0,3,1,0,2,-1,0,-28,12,0,-1,-2,0,0,2,6,-1,0,0,6,0,0,-1,-6,-3,1,5,4,6,7,2,3,5,2,2,3,2,-2,-2,1,2,1,2,3,2,0,0,-34,13,0,-9,-7,1,0,-7,-2,-3,0,-2,5,2,6,0,-9,-1,2,5,8,4,7,5,5,7,4,8,6,5,6,2,2,2,2,1,0,0,0,0,-39,15,-3,-5,2,9,1,6,1,-4,0,-2,6,0,0,0,-3,-4,-1,3,6,0,2,2,3,0,2,4,5,1,-1,0,-1,-1,0,1,2,2,1