id,n,magnitude
0,0,29
0,1,34
0,2,25
0,3,27
0,4,25
0,5,28
0,6,32
0,7,19
0,8,26
0,9,25
0,10,22
0,11,20
0,12,31
0,13,31
0,14,27
0,15,29
0,16,24
0,17,27
0,18,29
0,19,28
0,20,23
0,21,25
0,22,22
0,23,22
0,24,19
0,25,21
0,26,21
0,27,20
0,28,20
0,29,22
0,30,21
0,31,20
0,32,22
0,33,24
0,34,22
0,35,20
0,36,24
0,37,22
0,38,24
0,39,19
1,0,31
1,1,33
1,2,20
1,3,25
1,4,23
1,5,28
1,6,34
1,7,28
1,8,26
1,9,22
1,10,27
1,11,30
1,12,28
1,13,30
1,14,24
1,15,24
1,16,26
1,17,27
1,18,31
1,19,29
1,20,28
1,21,21
1,22,23
1,23,24
1,24,16
1,25,23
1,26,25
1,27,23
1,28,17
1,29,22
1,30,25
1,31,22
1,32,23
1,33,24
1,34,22
1,35,25
1,36,25
1,37,25
1,38,23
1,39,21
2,0,36
2,1,36
2,2,31
2,3,25
2,4,24
2,5,20
2,6,26
2,7,28
2,8,21
2,9,16
2,10,25
2,11,28
2,12,24
2,13,28
2,14,24
2,15,23
2,16,22
2,17,26
2,18,25
2,19,21
2,20,23
2,21,27
2,22,23
2,23,26
2,24,27
2,25,20
2,26,22
2,27,21
2,28,23
2,29,20
2,30,24
2,31,22
2,32,24
2,33,26
2,34,26
2,35,23
2,36,24
2,37,22
2,38,22
2,39,22
3,0,33
3,1,33
3,2,21
3,3,20
3,4,31
3,5,29
3,6,28
3,7,28
3,8,29
3,9,22
3,10,29
3,11,26
3,12,30
3,13,30
3,14,22
3,15,23
3,16,24
3,17,24
3,18,28
3,19,29
3,20,27
3,21,25
3,22,25
3,23,25
3,24,25
3,25,22
3,26,25
3,27,20
3,28,20
3,29,25
3,30,24
3,31,26
3,32,25
3,33,28
3,34,27
3,35,27
3,36,21
3,37,22
3,38,23
3,39,25
4,0,36
4,1,35
4,2,20
4,3,22
4,4,27
4,5,22
4,6,27
4,7,23
4,8,28
4,9,25
4,10,18
4,11,28
4,12,28
4,13,21
4,14,23
4,15,24
4,16,26
4,17,25
4,18,28
4,19,27
4,20,25
4,21,26
4,22,27
4,23,27
4,24,20
4,25,20
4,26,25
4,27,27
4,28,28
4,29,26
4,30,27
4,31,26
4,32,22
4,33,26
4,34,26
4,35,22
4,36,26
4,37,24
4,38,26
4,39,24
5,0,31
5,1,28
5,2,21
5,3,18
5,4,25
5,5,29
5,6,22
5,7,22
5,8,28
5,9,25
5,10,26
5,11,24
5,12,28
5,13,29
5,14,23
5,15,25
5,16,25
5,17,23
5,18,26
5,19,28
5,20,30
5,21,25
5,22,20
5,23,27
5,24,26
5,25,27
5,26,24
5,27,23
5,28,23
5,29,24
5,30,23
5,31,24
5,32,24
5,33,24
5,34,24
5,35,24
5,36,23
5,37,24
5,38,24
5,39,24
6,0,27
6,1,24
6,2,23
6,3,13
6,4,16
6,5,24
6,6,26
6,7,25
6,8,25
6,9,18
6,10,25
6,11,31
6,12,25
6,13,24
6,14,25
6,15,18
6,16,22
6,17,22
6,18,26
6,19,30
6,20,27
6,21,23
6,22,24
6,23,26
6,24,23
6,25,25
6,26,25
6,27,23
6,28,22
6,29,24
6,30,27
6,31,25
6,32,25
6,33,26
6,34,25
6,35,24
6,36,22
6,37,22
6,38,21
6,39,25
7,0,31
7,1,36
7,2,28
7,3,16
7,4,24
7,5,26
7,6,23
7,7,23
7,8,14
7,9,23
7,10,21
7,11,26
7,12,25
7,13,23
7,14,19
7,15,23
7,16,25
7,17,24
7,18,25
7,19,21
7,20,23
7,21,27
7,22,23
7,23,24
7,24,22
7,25,21
7,26,24
7,27,18
7,28,18
7,29,24
7,30,22
7,31,21
7,32,23
7,33,26
7,34,26
7,35,26
7,36,24
7,37,23
7,38,21
7,39,25
8,0,16
8,1,34
8,2,25
8,3,15
8,4,21
8,5,22
8,6,26
8,7,23
8,8,15
8,9,21
8,10,20
8,11,25
8,12,32
8,13,30
8,14,18
8,15,16
8,16,25
8,17,24
8,18,16
8,19,27
8,20,28
8,21,23
8,22,22
8,23,22
8,24,26
8,25,23
8,26,22
8,27,22
8,28,23
8,29,23
8,30,25
8,31,25
8,32,25
8,33,25
8,34,24
8,35,24
8,36,26
8,37,22
8,38,25
8,39,23
9,0,30
9,1,26
9,2,13
9,3,18
9,4,19
9,5,27
9,6,25
9,7,26
9,8,27
9,9,30
9,10,29
9,11,19
9,12,22
9,13,23
9,14,23
9,15,26
9,16,23
9,17,24
9,18,25
9,19,26
9,20,25
9,21,23
9,22,18
9,23,21
9,24,22
9,25,20
9,26,23
9,27,22
9,28,25
9,29,25
9,30,23
9,31,23
9,32,26
9,33,23
9,34,22
9,35,21
9,36,23
9,37,23
9,38,23
9,39,22
10,0,33
10,1,36
10,2,31
10,3,24
10,4,29
10,5,28
10,6,22
10,7,27
10,8,29
10,9,28
10,10,34
10,11,37
10,12,36
10,13,38
10,14,41
10,15,36
10,16,29
10,17,37
10,18,39
10,19,37
10,20,31
10,21,29
10,22,27
10,23,32
10,24,32
10,25,28
10,26,28
10,27,29
10,28,26
10,29,26
10,30,23
10,31,26
10,32,25
10,33,24
10,34,25
10,35,24
10,36,22
10,37,24
10,38,23
10,39,24
11,0,32
11,1,29
11,2,28
11,3,34
11,4,41
11,5,46
11,6,43
11,7,46
11,8,46
11,9,47
11,10,53
11,11,62
11,12,64
11,13,55
11,14,58
11,15,56
11,16,57
11,17,59
11,18,52
11,19,60
11,20,52
11,21,52
11,22,44
11,23,41
11,24,41
11,25,41
11,26,42
11,27,42
11,28,39
11,29,39
11,30,35
11,31,33
11,32,30
11,33,32
11,34,33
11,35,31
11,36,27
11,37,28
11,38,28
11,39,26
12,0,35
12,1,39
12,2,43
12,3,37
12,4,42
12,5,51
12,6,49
12,7,47
12,8,26
12,9,35
12,10,43
12,11,56
12,12,52
12,13,54
12,14,58
12,15,54
12,16,55
12,17,56
12,18,58
12,19,59
12,20,51
12,21,49
12,22,49
12,23,40
12,24,37
12,25,39
12,26,40
12,27,41
12,28,42
12,29,39
12,30,35
12,31,35
12,32,31
12,33,32
12,34,29
12,35,29
12,36,25
12,37,24
12,38,23
12,39,25
13,0,39
13,1,37
13,2,36
13,3,37
13,4,42
13,5,49
13,6,49
13,7,46
13,8,46
13,9,50
13,10,47
13,11,49
13,12,55
13,13,51
13,14,47
13,15,51
13,16,50
13,17,53
13,18,54
13,19,57
13,20,49
13,21,48
13,22,44
13,23,42
13,24,38
13,25,41
13,26,36
13,27,36
13,28,33
13,29,34
13,30,32
13,31,31
13,32,29
13,33,28
13,34,27
13,35,30
13,36,27
13,37,26
13,38,25
13,39,26
14,0,17
14,1,36
14,2,30
14,3,34
14,4,43
14,5,46
14,6,46
14,7,47
14,8,45
14,9,46
14,10,47
14,11,50
14,12,54
14,13,49
14,14,49
14,15,50
14,16,51
14,17,50
14,18,52
14,19,53
14,20,49
14,21,48
14,22,43
14,23,40
14,24,40
14,25,40
14,26,35
14,27,33
14,28,35
14,29,28
14,30,29
14,31,31
14,32,31
14,33,28
14,34,28
14,35,24
14,36,27
14,37,26
14,38,23
14,39,22
15,0,35
15,1,37
15,2,34
15,3,28
15,4,40
15,5,40
15,6,34
15,7,40
15,8,40
15,9,41
15,10,40
15,11,40
15,12,42
15,13,49
15,14,46
15,15,49
15,16,50
15,17,49
15,18,47
15,19,48
15,20,44
15,21,45
15,22,44
15,23,36
15,24,38
15,25,33
15,26,36
15,27,36
15,28,32
15,29,27
15,30,28
15,31,29
15,32,28
15,33,27
15,34,22
15,35,25
15,36,23
15,37,24
15,38,23
15,39,23
16,0,32
16,1,34
16,2,34
16,3,34
16,4,33
16,5,37
16,6,37
16,7,45
16,8,43
16,9,43
16,10,38
16,11,39
16,12,51
16,13,49
16,14,45
16,15,48
16,16,51
16,17,45
16,18,50
16,19,46
16,20,46
16,21,43
16,22,43
16,23,40
16,24,35
16,25,33
16,26,32
16,27,33
16,28,34
16,29,31
16,30,29
16,31,26
16,32,25
16,33,24
16,34,24
16,35,23
16,36,23
16,37,21
16,38,22
16,39,23
17,0,30
17,1,23
17,2,31
17,3,27
17,4,30
17,5,37
17,6,34
17,7,33
17,8,39
17,9,40
17,10,39
17,11,43
17,12,47
17,13,47
17,14,44
17,15,42
17,16,42
17,17,45
17,18,45
17,19,46
17,20,42
17,21,43
17,22,35
17,23,35
17,24,33
17,25,31
17,26,33
17,27,29
17,28,27
17,29,26
17,30,25
17,31,27
17,32,25
17,33,26
17,34,23
17,35,19
17,36,22
17,37,25
17,38,23
17,39,24
18,0,33
18,1,24
18,2,26
18,3,30
18,4,30
18,5,37
18,6,36
18,7,33
18,8,28
18,9,34
18,10,36
18,11,35
18,12,39
18,13,40
18,14,41
18,15,38
18,16,45
18,17,43
18,18,42
18,19,38
18,20,43
18,21,44
18,22,40
18,23,36
18,24,27
18,25,25
18,26,26
18,27,25
18,28,30
18,29,26
18,30,27
18,31,28
18,32,27
18,33,29
18,34,28
18,35,27
18,36,23
18,37,25
18,38,25
18,39,23
19,0,33
19,1,32
19,2,28
19,3,29
19,4,37
19,5,35
19,6,25
19,7,25
19,8,31
19,9,34
19,10,35
19,11,39
19,12,44
19,13,37
19,14,38
19,15,31
19,16,36
19,17,45
19,18,41
19,19,35
19,20,40
19,21,40
19,22,38
19,23,26
19,24,30
19,25,36
19,26,28
19,27,27
19,28,29
19,29,29
19,30,26
19,31,26
19,32,27
19,33,29
19,34,27
19,35,28
19,36,27
19,37,27
19,38,28
19,39,25
20,0,34
20,1,31
20,2,30
20,3,27
20,4,35
20,5,37
20,6,19
20,7,29
20,8,31
20,9,28
20,10,34
20,11,37
20,12,37
20,13,33
20,14,37
20,15,33
20,16,39
20,17,35
20,18,38
20,19,40
20,20,40
20,21,38
20,22,34
20,23,28
20,24,28
20,25,28
20,26,26
20,27,29
20,28,29
20,29,25
20,30,26
20,31,27
20,32,25
20,33,26
20,34,29
20,35,25
20,36,26
20,37,27
20,38,25
20,39,26
21,0,27
21,1,28
21,2,28
21,3,18
21,4,27
21,5,32
21,6,28
21,7,28
21,8,24
21,9,30
21,10,24
21,11,33
21,12,39
21,13,35
21,14,35
21,15,36
21,16,35
21,17,38
21,18,39
21,19,43
21,20,38
21,21,34
21,22,32
21,23,27
21,24,25
21,25,28
21,26,23
21,27,22
21,28,25
21,29,24
21,30,26
21,31,29
21,32,24
21,33,23
21,34,26
21,35,26
21,36,23
21,37,26
21,38,28
21,39,25
22,0,27
22,1,22
22,2,20
22,3,17
22,4,21
22,5,28
22,6,24
22,7,25
22,8,22
22,9,29
22,10,32
22,11,36
22,12,40
22,13,31
22,14,32
22,15,27
22,16,38
22,17,36
22,18,38
22,19,38
22,20,33
22,21,32
22,22,32
22,23,32
22,24,28
22,25,28
22,26,26
22,27,25
22,28,24
22,29,23
22,30,21
22,31,22
22,32,23
22,33,25
22,34,24
22,35,22
22,36,24
22,37,23
22,38,26
22,39,26
23,0,29
23,1,36
23,2,32
23,3,25
23,4,20
23,5,33
23,6,33
23,7,25
23,8,27
23,9,31
23,10,38
23,11,37
23,12,38
23,13,32
23,14,32
23,15,33
23,16,34
23,17,36
23,18,38
23,19,38
23,20,35
23,21,33
23,22,29
23,23,29
23,24,27
23,25,24
23,26,24
23,27,25
23,28,25
23,29,25
23,30,25
23,31,23
23,32,25
23,33,27
23,34,25
23,35,26
23,36,28
23,37,27
23,38,23
23,39,24
24,0,36
24,1,26
24,2,25
24,3,27
24,4,29
24,5,32
24,6,32
24,7,26
24,8,29
24,9,28
24,10,32
24,11,33
24,12,31
24,13,28
24,14,33
24,15,30
24,16,27
24,17,38
24,18,33
24,19,34
24,20,36
24,21,34
24,22,26
24,23,20
24,24,20
24,25,24
24,26,24
24,27,21
24,28,25
24,29,22
24,30,24
24,31,22
24,32,22
24,33,24
24,34,23
24,35,23
24,36,25
24,37,24
24,38,24
24,39,26
25,0,34
25,1,29
25,2,27
25,3,31
25,4,27
25,5,22
25,6,21
25,7,19
25,8,19
25,9,31
25,10,31
25,11,37
25,12,33
25,13,26
25,14,24
25,15,25
25,16,29
25,17,32
25,18,34
25,19,33
25,20,32
25,21,31
25,22,31
25,23,29
25,24,28
25,25,25
25,26,21
25,27,21
25,28,20
25,29,23
25,30,26
25,31,22
25,32,22
25,33,26
25,34,25
25,35,24
25,36,26
25,37,23
25,38,23
25,39,23
26,0,33
26,1,18
26,2,16
26,3,12
26,4,13
26,5,28
26,6,27
26,7,24
26,8,23
26,9,30
26,10,28
26,11,34
26,12,35
26,13,33
26,14,31
26,15,31
26,16,28
26,17,34
26,18,32
26,19,32
26,20,33
26,21,30
26,22,24
26,23,22
26,24,23
26,25,23
26,26,20
26,27,20
26,28,23
26,29,23
26,30,24
26,31,24
26,32,22
26,33,22
26,34,22
26,35,23
26,36,24
26,37,23
26,38,23
26,39,20
27,0,16
27,1,29
27,2,24
27,3,23
27,4,18
27,5,25
27,6,29
27,7,28
27,8,28
27,9,25
27,10,29
27,11,29
27,12,32
27,13,31
27,14,27
27,15,32
27,16,27
27,17,34
27,18,29
27,19,33
27,20,31
27,21,26
27,22,21
27,23,24
27,24,23
27,25,25
27,26,24
27,27,22
27,28,21
27,29,23
27,30,24
27,31,21
27,32,24
27,33,25
27,34,25
27,35,23
27,36,25
27,37,23
27,38,22
27,39,22
28,0,25
28,1,31
28,2,16
28,3,8
28,4,18
28,5,20
28,6,29
28,7,24
28,8,24
28,9,27
28,10,28
28,11,22
28,12,22
28,13,26
28,14,27
28,15,22
28,16,30
28,17,30
28,18,31
28,19,29
28,20,33
28,21,29
28,22,25
28,23,23
28,24,27
28,25,24
28,26,20
28,27,24
28,28,24
28,29,25
28,30,23
28,31,22
28,32,23
28,33,24
28,34,18
28,35,22
28,36,24
28,37,27
28,38,22
28,39,23
29,0,35
29,1,23
29,2,20
29,3,23
29,4,13
29,5,23
29,6,26
29,7,22
29,8,21
29,9,25
29,10,28
29,11,29
29,12,32
29,13,26
29,14,29
29,15,26
29,16,25
29,17,27
29,18,28
29,19,27
29,20,30
29,21,29
29,22,27
29,23,28
29,24,23
29,25,24
29,26,25
29,27,21
29,28,18
29,29,20
29,30,22
29,31,25
29,32,24
29,33,20
29,34,24
29,35,22
29,36,27
29,37,25
29,38,23
29,39,20
30,0,19
30,1,32
30,2,28
30,3,20
30,4,30
30,5,25
30,6,26
30,7,21
30,8,21
30,9,25
30,10,25
30,11,32
30,12,29
30,13,27
30,14,30
30,15,27
30,16,26
30,17,34
30,18,26
30,19,23
30,20,24
30,21,25
30,22,24
30,23,28
30,24,23
30,25,18
30,26,20
30,27,25
30,28,23
30,29,21
30,30,16
30,31,23
30,32,20
30,33,22
30,34,23
30,35,21
30,36,24
30,37,24
30,38,22
30,39,22
31,0,28
31,1,31
31,2,29
31,3,25
31,4,23
31,5,22
31,6,22
31,7,28
31,8,21
31,9,24
31,10,29
31,11,28
31,12,34
31,13,25
31,14,26
31,15,14
31,16,23
31,17,22
31,18,24
31,19,27
31,20,25
31,21,26
31,22,22
31,23,26
31,24,25
31,25,25
31,26,22
31,27,22
31,28,16
31,29,23
31,30,21
31,31,23
31,32,21
31,33,21
31,34,21
31,35,22
31,36,20
31,37,22
31,38,24
31,39,24
32,0,18
32,1,29
32,2,30
32,3,23
32,4,27
32,5,21
32,6,23
32,7,21
32,8,24
32,9,23
32,10,25
32,11,26
32,12,26
32,13,25
32,14,24
32,15,29
32,16,27
32,17,25
32,18,25
32,19,26
32,20,24
32,21,21
32,22,23
32,23,23
32,24,24
32,25,23
32,26,20
32,27,19
32,28,19
32,29,24
32,30,20
32,31,23
32,32,24
32,33,20
32,34,21
32,35,20
32,36,22
32,37,21
32,38,19
32,39,19
33,0,30
33,1,29
33,2,22
33,3,21
33,4,20
33,5,26
33,6,25
33,7,17
33,8,20
33,9,20
33,10,30
33,11,25
33,12,29
33,13,28
33,14,26
33,15,20
33,16,26
33,17,28
33,18,24
33,19,26
33,20,24
33,21,21
33,22,25
33,23,26
33,24,20
33,25,19
33,26,23
33,27,18
33,28,19
33,29,23
33,30,23
33,31,22
33,32,23
33,33,23
33,34,20
33,35,21
33,36,22
33,37,21
33,38,20
33,39,18
34,0,36
34,1,35
34,2,26
34,3,25
34,4,26
34,5,19
34,6,24
34,7,25
34,8,23
34,9,21
34,10,17
34,11,27
34,12,29
34,13,28
34,14,26
34,15,25
34,16,22
34,17,26
34,18,22
34,19,20
34,20,24
34,21,20
34,22,24
34,23,20
34,24,21
34,25,23
34,26,21
34,27,18
34,28,19
34,29,20
34,30,22
34,31,21
34,32,22
34,33,18
34,34,20
34,35,20
34,36,20
34,37,18
34,38,19
34,39,20
35,0,33
35,1,35
35,2,27
35,3,22
35,4,21
35,5,25
35,6,27
35,7,23
35,8,22
35,9,17
35,10,16
35,11,24
35,12,23
35,13,23
35,14,23
35,15,22
35,16,24
35,17,25
35,18,27
35,19,24
35,20,22
35,21,18
35,22,19
35,23,24
35,24,21
35,25,17
35,26,20
35,27,20
35,28,23
35,29,20
35,30,22
35,31,18
35,32,20
35,33,19
35,34,20
35,35,24
35,36,23
35,37,22
35,38,23
35,39,22
36,0,35
36,1,32
36,2,22
36,3,18
36,4,25
36,5,15
36,6,24
36,7,21
36,8,25
36,9,21
36,10,17
36,11,24
36,12,28
36,13,25
36,14,22
36,15,23
36,16,24
36,17,22
36,18,24
36,19,22
36,20,21
36,21,15
36,22,20
36,23,23
36,24,22
36,25,21
36,26,18
36,27,23
36,28,19
36,29,18
36,30,20
36,31,20
36,32,20
36,33,20
36,34,19
36,35,20
36,36,22
36,37,20
36,38,19
36,39,20
37,0,35
37,1,38
37,2,28
37,3,7
37,4,25
37,5,23
37,6,19
37,7,21
37,8,16
37,9,23
37,10,19
37,11,23
37,12,21
37,13,24
37,14,24
37,15,27
37,16,27
37,17,25
37,18,26
37,19,27
37,20,23
37,21,20
37,22,19
37,23,20
37,24,22
37,25,22
37,26,12
37,27,20
37,28,23
37,29,23
37,30,23
37,31,23
37,32,19
37,33,22
37,34,20
37,35,20
37,36,20
37,37,21
37,38,21
37,39,24
38,0,32
38,1,31
38,2,30
38,3,13
38,4,24
38,5,22
38,6,21
38,7,26
38,8,21
38,9,26
38,10,26
38,11,29
38,12,17
38,13,20
38,14,23
38,15,23
38,16,24
38,17,26
38,18,27
38,19,29
38,20,26
38,21,26
38,22,22
38,23,24
38,24,23
38,25,24
38,26,22
38,27,22
38,28,23
38,29,21
38,30,19
38,31,20
38,32,21
38,33,19
38,34,21
38,35,19
38,36,21
38,37,21
38,38,21
38,39,22
39,0,21
39,1,32
39,2,27
39,3,21
39,4,27
39,5,18
39,6,18
39,7,21
39,8,14
39,9,25
39,10,22
39,11,24
39,12,27
39,13,26
39,14,24
39,15,15
39,16,20
39,17,29
39,18,19
39,19,23
39,20,23
39,21,25
39,22,24
39,23,24
39,24,24
39,25,22
39,26,24
39,27,23
39,28,20
39,29,21
39,30,20
39,31,19
39,32,21
39,33,20
39,34,22
39,35,20
39,36,21
39,37,19
39,38,18
39,39,20
40,0,31
40,1,36
40,2,30
40,3,28
40,4,23
40,5,21
40,6,24
40,7,28
40,8,17
40,9,21
40,10,26
40,11,25
40,12,27
40,13,25
40,14,21
40,15,21
40,16,28
40,17,25
40,18,30
40,19,25
40,20,19
40,21,21
40,22,22
40,23,26
40,24,24
40,25,21
40,26,19
40,27,23
40,28,21
40,29,19
40,30,20
40,31,20
40,32,20
40,33,20
40,34,20
40,35,21
40,36,22
40,37,22
40,38,20
40,39,18
41,0,26
41,1,28
41,2,25
41,3,29
41,4,33
41,5,23
41,6,23
41,7,20
41,8,23
41,9,24
41,10,24
41,11,21
41,12,23
41,13,31
41,14,22
41,15,25
41,16,28
41,17,26
41,18,25
41,19,27
41,20,24
41,21,22
41,22,17
41,23,20
41,24,22
41,25,22
41,26,23
41,27,19
41,28,24
41,29,24
41,30,23
41,31,22
41,32,19
41,33,19
41,34,20
41,35,20
41,36,19
41,37,21
41,38,16
41,39,20
42,0,33
42,1,30
42,2,28
42,3,30
42,4,42
42,5,45
42,6,43
42,7,44
42,8,48
42,9,50
42,10,57
42,11,64
42,12,63
42,13,58
42,14,61
42,15,54
42,16,53
42,17,59
42,18,56
42,19,58
42,20,55
42,21,46
42,22,43
42,23,42
42,24,42
42,25,44
42,26,43
42,27,41
42,28,37
42,29,39
42,30,38
42,31,35
42,32,28
42,33,31
42,34,32
42,35,33
42,36,26
42,37,25
42,38,24
42,39,23
43,0,32
43,1,37
43,2,38
43,3,39
43,4,50
43,5,52
43,6,50
43,7,53
43,8,46
43,9,46
43,10,50
43,11,61
43,12,63
43,13,60
43,14,61
43,15,55
43,16,59
43,17,62
43,18,65
43,19,62
43,20,59
43,21,56
43,22,49
43,23,47
43,24,45
43,25,39
43,26,40
43,27,46
43,28,42
43,29,35
43,30,35
43,31,38
43,32,33
43,33,35
43,34,36
43,35,35
43,36,33
43,37,31
43,38,29
43,39,27
44,0,27
44,1,30
44,2,39
44,3,41
44,4,42
44,5,47
44,6,53
44,7,51
44,8,50
44,9,51
44,10,52
44,11,40
44,12,58
44,13,55
44,14,57
44,15,54
44,16,58
44,17,56
44,18,57
44,19,59
44,20,53
44,21,53
44,22,45
44,23,42
44,24,41
44,25,39
44,26,34
44,27,41
44,28,41
44,29,38
44,30,37
44,31,33
44,32,33
44,33,30
44,34,29
44,35,30
44,36,32
44,37,26
44,38,26
44,39,27
45,0,30
45,1,32
45,2,28
45,3,39
45,4,49
45,5,45
45,6,43
45,7,46
45,8,42
45,9,51
45,10,56
45,11,56
45,12,59
45,13,50
45,14,50
45,15,57
45,16,54
45,17,54
45,18,59
45,19,59
45,20,50
45,21,51
45,22,42
45,23,40
45,24,34
45,25,36
45,26,36
45,27,40
45,28,40
45,29,38
45,30,32
45,31,32
45,32,32
45,33,33
45,34,29
45,35,28
45,36,27
45,37,25
45,38,24
45,39,23
46,0,31
46,1,33
46,2,30
46,3,39
46,4,47
46,5,41
46,6,42
46,7,47
46,8,48
46,9,46
46,10,44
46,11,51
46,12,55
46,13,51
46,14,52
46,15,49
46,16,56
46,17,49
46,18,49
46,19,54
46,20,46
46,21,48
46,22,41
46,23,40
46,24,34
46,25,33
46,26,33
46,27,41
46,28,34
46,29,35
46,30,32
46,31,32
46,32,29
46,33,29
46,34,31
46,35,28
46,36,24
46,37,26
46,38,23
46,39,22
47,0,36
47,1,34
47,2,33
47,3,37
47,4,39
47,5,36
47,6,34
47,7,46
47,8,43
47,9,41
47,10,41
47,11,44
47,12,51
47,13,49
47,14,47
47,15,50
47,16,56
47,17,47
47,18,57
47,19,52
47,20,47
47,21,48
47,22,44
47,23,37
47,24,36
47,25,32
47,26,31
47,27,35
47,28,31
47,29,31
47,30,28
47,31,25
47,32,26
47,33,29
47,34,27
47,35,27
47,36,25
47,37,24
47,38,22
47,39,18
48,0,31
48,1,28
48,2,32
48,3,38
48,4,37
48,5,34
48,6,42
48,7,44
48,8,44
48,9,48
48,10,45
48,11,49
48,12,51
48,13,49
48,14,49
48,15,45
48,16,52
48,17,50
48,18,49
48,19,47
48,20,53
48,21,48
48,22,32
48,23,37
48,24,37
48,25,34
48,26,32
48,27,33
48,28,31
48,29,25
48,30,26
48,31,27
48,32,25
48,33,25
48,34,26
48,35,27
48,36,27
48,37,21
48,38,19
48,39,22
49,0,38
49,1,28
49,2,26
49,3,27
49,4,30
49,5,37
49,6,39
49,7,33
49,8,43
49,9,42
49,10,44
49,11,42
49,12,41
49,13,38
49,14,40
49,15,34
49,16,49
49,17,49
49,18,50
49,19,45
49,20,44
49,21,44
49,22,39
49,23,36
49,24,35
49,25,35
49,26,32
49,27,34
49,28,34
49,29,35
49,30,28
49,31,27
49,32,26
49,33,29
49,34,30
49,35,26
49,36,27
49,37,27
49,38,24
49,39,23
50,0,35
50,1,33
50,2,32
50,3,28
50,4,37
50,5,36
50,6,33
50,7,32
50,8,36
50,9,38
50,10,41
50,11,44
50,12,46
50,13,45
50,14,45
50,15,37
50,16,44
50,17,53
50,18,48
50,19,44
50,20,45
50,21,38
50,22,35
50,23,32
50,24,33
50,25,34
50,26,40
50,27,36
50,28,35
50,29,33
50,30,33
50,31,29
50,32,27
50,33,31
50,34,32
50,35,31
50,36,27
50,37,26
50,38,24
50,39,26
51,0,31
51,1,29
51,2,34
51,3,34
51,4,43
51,5,40
51,6,30
51,7,36
51,8,35
51,9,32
51,10,37
51,11,42
51,12,41
51,13,36
51,14,43
51,15,31
51,16,45
51,17,45
51,18,47
51,19,44
51,20,43
51,21,43
51,22,36
51,23,31
51,24,31
51,25,40
51,26,39
51,27,32
51,28,32
51,29,33
51,30,32
51,31,30
51,32,31
51,33,32
51,34,30
51,35,29
51,36,26
51,37,26
51,38,25
51,39,25
52,0,33
52,1,25
52,2,23
52,3,16
52,4,27
52,5,31
52,6,33
52,7,33
52,8,28
52,9,29
52,10,30
52,11,37
52,12,35
52,13,32
52,14,36
52,15,41
52,16,44
52,17,39
52,18,50
52,19,51
52,20,44
52,21,40
52,22,35
52,23,33
52,24,26
52,25,35
52,26,37
52,27,32
52,28,30
52,29,34
52,30,31
52,31,29
52,32,31
52,33,28
52,34,29
52,35,26
52,36,23
52,37,20
52,38,23
52,39,24
53,0,28
53,1,36
53,2,27
53,3,19
53,4,33
53,5,30
53,6,30
53,7,33
53,8,33
53,9,34
53,10,41
53,11,43
53,12,45
53,13,37
53,14,37
53,15,35
53,16,40
53,17,44
53,18,42
53,19,36
53,20,36
53,21,37
53,22,32
53,23,30
53,24,26
53,25,31
53,26,33
53,27,33
53,28,31
53,29,31
53,30,29
53,31,30
53,32,26
53,33,24
53,34,26
53,35,27
53,36,23
53,37,21
53,38,23
53,39,23
54,0,30
54,1,34
54,2,30
54,3,18
54,4,25
54,5,29
54,6,31
54,7,34
54,8,33
54,9,35
54,10,40
54,11,40
54,12,43
54,13,31
54,14,38
54,15,34
54,16,43
54,17,41
54,18,44
54,19,44
54,20,37
54,21,33
54,22,31
54,23,29
54,24,28
54,25,27
54,26,34
54,27,28
54,28,27
54,29,28
54,30,27
54,31,26
54,32,26
54,33,25
54,34,27
54,35,26
54,36,22
54,37,22
54,38,24
54,39,24
55,0,23
55,1,33
55,2,29
55,3,22
55,4,24
55,5,32
55,6,33
55,7,28
55,8,35
55,9,31
55,10,28
55,11,37
55,12,36
55,13,36
55,14,32
55,15,35
55,16,42
55,17,46
55,18,44
55,19,42
55,20,40
55,21,32
55,22,31
55,23,26
55,24,27
55,25,28
55,26,31
55,27,25
55,28,24
55,29,26
55,30,25
55,31,22
55,32,22
55,33,24
55,34,26
55,35,23
55,36,23
55,37,21
55,38,22
55,39,21
56,0,38
56,1,28
56,2,23
56,3,30
56,4,30
56,5,25
56,6,31
56,7,26
56,8,31
56,9,28
56,10,37
56,11,39
56,12,40
56,13,35
56,14,34
56,15,31
56,16,34
56,17,38
56,18,39
56,19,38
56,20,33
56,21,32
56,22,28
56,23,27
56,24,26
56,25,20
56,26,26
56,27,23
56,28,25
56,29,28
56,30,25
56,31,24
56,32,24
56,33,23
56,34,25
56,35,24
56,36,21
56,37,23
56,38,22
56,39,20
57,0,34
57,1,27
57,2,29
57,3,22
57,4,25
57,5,31
57,6,30
57,7,21
57,8,28
57,9,27
57,10,28
57,11,36
57,12,40
57,13,36
57,14,28
57,15,31
57,16,29
57,17,37
57,18,38
57,19,37
57,20,36
57,21,35
57,22,23
57,23,27
57,24,27
57,25,27
57,26,26
57,27,20
57,28,26
57,29,27
57,30,25
57,31,24
57,32,21
57,33,22
57,34,23
57,35,22
57,36,22
57,37,22
57,38,21
57,39,20
58,0,33
58,1,30
58,2,16
58,3,26
58,4,27
58,5,29
58,6,28
58,7,27
58,8,29
58,9,27
58,10,33
58,11,25
58,12,35
58,13,29
58,14,24
58,15,29
58,16,28
58,17,37
58,18,37
58,19,37
58,20,33
58,21,28
58,22,24
58,23,26
58,24,23
58,25,28
58,26,26
58,27,19
58,28,21
58,29,25
58,30,24
58,31,19
58,32,24
58,33,22
58,34,22
58,35,22
58,36,20
58,37,23
58,38,22
58,39,22
59,0,33
59,1,32
59,2,30
59,3,24
59,4,22
59,5,25
59,6,30
59,7,22
59,8,27
59,9,27
59,10,26
59,11,24
59,12,33
59,13,28
59,14,23
59,15,33
59,16,28
59,17,34
59,18,31
59,19,29
59,20,32
59,21,28
59,22,20
59,23,23
59,24,21
59,25,26
59,26,27
59,27,21
59,28,25
59,29,27
59,30,23
59,31,23
59,32,23
59,33,23
59,34,24
59,35,23
59,36,20
59,37,21
59,38,22
59,39,20
60,0,20
60,1,36
60,2,31
60,3,18
60,4,24
60,5,20
60,6,26
60,7,25
60,8,27
60,9,19
60,10,28
60,11,29
60,12,35
60,13,23
60,14,21
60,15,24
60,16,27
60,17,33
60,18,36
60,19,36
60,20,27
60,21,26
60,22,24
60,23,27
60,24,27
60,25,22
60,26,24
60,27,22
60,28,22
60,29,25
60,30,23
60,31,22
60,32,21
60,33,23
60,34,24
60,35,24
60,36,26
60,37,22
60,38,21
60,39,19
61,0,29
61,1,37
61,2,29
61,3,21
61,4,25
61,5,20
61,6,23
61,7,21
61,8,26
61,9,21
61,10,28
61,11,31
61,12,31
61,13,23
61,14,22
61,15,16
61,16,23
61,17,31
61,18,29
61,19,24
61,20,26
61,21,22
61,22,20
61,23,24
61,24,22
61,25,24
61,26,24
61,27,26
61,28,22
61,29,23
61,30,23
61,31,24
61,32,23
61,33,23
61,34,24
61,35,23
61,36,24
61,37,22
61,38,21
61,39,20
62,0,36
62,1,22
62,2,16
62,3,10
62,4,14
62,5,25
62,6,30
62,7,26
62,8,23
62,9,26
62,10,26
62,11,27
62,12,28
62,13,29
62,14,22
62,15,23
62,16,26
62,17,31
62,18,31
62,19,35
62,20,28
62,21,25
62,22,26
62,23,24
62,24,14
62,25,20
62,26,23
62,27,22
62,28,24
62,29,22
62,30,20
62,31,24
62,32,22
62,33,21
62,34,21
62,35,23
62,36,22
62,37,24
62,38,22
62,39,21
63,0,31
63,1,26
63,2,26
63,3,10
63,4,19
63,5,26
63,6,26
63,7,24
63,8,27
63,9,22
63,10,24
63,11,23
63,12,31
63,13,26
63,14,28
63,15,25
63,16,25
63,17,26
63,18,25
63,19,31
63,20,25
63,21,18
63,22,20
63,23,21
63,24,25
63,25,25
63,26,21
63,27,19
63,28,25
63,29,20
63,30,21
63,31,22
63,32,23
63,33,25
63,34,24
63,35,23
63,36,22
63,37,21
63,38,21
63,39,19
64,0,24
64,1,33
64,2,31
64,3,29
64,4,20
64,5,20
64,6,22
64,7,14
64,8,27
64,9,26
64,10,28
64,11,26
64,12,31
64,13,26
64,14,25
64,15,27
64,16,30
64,17,32
64,18,33
64,19,30
64,20,29
64,21,24
64,22,26
64,23,22
64,24,20
64,25,25
64,26,24
64,27,24
64,28,24
64,29,21
64,30,20
64,31,19
64,32,23
64,33,20
64,34,22
64,35,22
64,36,21
64,37,20
64,38,21
64,39,21
65,0,30
65,1,31
65,2,26
65,3,23
65,4,24
65,5,20
65,6,27
65,7,31
65,8,22
65,9,21
65,10,24
65,11,26
65,12,29
65,13,28
65,14,24
65,15,26
65,16,28
65,17,29
65,18,30
65,19,25
65,20,25
65,21,22
65,22,24
65,23,24
65,24,21
65,25,24
65,26,23
65,27,20
65,28,20
65,29,22
65,30,20
65,31,20
65,32,20
65,33,23
65,34,23
65,35,23
65,36,21
65,37,23
65,38,21
65,39,20
66,0,30
66,1,34
66,2,28
66,3,10
66,4,30
66,5,30
66,6,26
66,7,16
66,8,14
66,9,16
66,10,28
66,11,24
66,12,26
66,13,24
66,14,23
66,15,25
66,16,26
66,17,23
66,18,16
66,19,27
66,20,22
66,21,22
66,22,20
66,23,27
66,24,23
66,25,26
66,26,22
66,27,19
66,28,21
66,29,21
66,30,22
66,31,23
66,32,20
66,33,20
66,34,21
66,35,22
66,36,23
66,37,23
66,38,21
66,39,18
67,0,30
67,1,28
67,2,27
67,3,17
67,4,21
67,5,20
67,6,19
67,7,17
67,8,23
67,9,23
67,10,29
67,11,25
67,12,26
67,13,22
67,14,13
67,15,21
67,16,27
67,17,28
67,18,24
67,19,19
67,20,23
67,21,21
67,22,21
67,23,21
67,24,24
67,25,24
67,26,24
67,27,24
67,28,26
67,29,24
67,30,24
67,31,21
67,32,22
67,33,23
67,34,21
67,35,23
67,36,23
67,37,21
67,38,23
67,39,21
68,0,26
68,1,34
68,2,31
68,3,15
68,4,20
68,5,24
68,6,16
68,7,26
68,8,27
68,9,25
68,10,19
68,11,24
68,12,25
68,13,24
68,14,23
68,15,19
68,16,23
68,17,23
68,18,22
68,19,23
68,20,28
68,21,21
68,22,25
68,23,27
68,24,21
68,25,19
68,26,23
68,27,22
68,28,20
68,29,24
68,30,24
68,31,25
68,32,19
68,33,21
68,34,22
68,35,23
68,36,23
68,37,23
68,38,21
68,39,20
69,0,24
69,1,26
69,2,12
69,3,23
69,4,25
69,5,18
69,6,22
69,7,25
69,8,20
69,9,22
69,10,20
69,11,27
69,12,29
69,13,24
69,14,25
69,15,25
69,16,27
69,17,28
69,18,23
69,19,23
69,20,24
69,21,27
69,22,23
69,23,23
69,24,23
69,25,24
69,26,25
69,27,24
69,28,26
69,29,21
69,30,23
69,31,24
69,32,23
69,33,24
69,34,24
69,35,25
69,36,24
69,37,22
69,38,24
69,39,24
70,0,18
70,1,20
70,2,20
70,3,25
70,4,32
70,5,38
70,6,35
70,7,30
70,8,35
70,9,43
70,10,50
70,11,51
70,12,50
70,13,46
70,14,48
70,15,44
70,16,43
70,17,50
70,18,48
70,19,44
70,20,42
70,21,37
70,22,41
70,23,37
70,24,36
70,25,32
70,26,34
70,27,34
70,28,31
70,29,27
70,30,29
70,31,28
70,32,30
70,33,31
70,34,30
70,35,28
70,36,27
70,37,25
70,38,25
70,39,24
71,0,38
71,1,29
71,2,37
71,3,40
71,4,45
71,5,48
71,6,41
71,7,40
71,8,37
71,9,40
71,10,49
71,11,57
71,12,59
71,13,54
71,14,53
71,15,53
71,16,54
71,17,54
71,18,54
71,19,59
71,20,51
71,21,49
71,22,48
71,23,44
71,24,39
71,25,38
71,26,39
71,27,40
71,28,32
71,29,28
71,30,31
71,31,36
71,32,36
71,33,35
71,34,35
71,35,33
71,36,28
71,37,28
71,38,26
71,39,23
72,0,22
72,1,29
72,2,37
72,3,32
72,4,42
72,5,47
72,6,46
72,7,45
72,8,40
72,9,42
72,10,50
72,11,48
72,12,52
72,13,49
72,14,49
72,15,50
72,16,49
72,17,49
72,18,50
72,19,53
72,20,48
72,21,48
72,22,45
72,23,40
72,24,37
72,25,36
72,26,33
72,27,32
72,28,36
72,29,36
72,30,33
72,31,35
72,32,33
72,33,34
72,34,33
72,35,28
72,36,26
72,37,28
72,38,24
72,39,24
73,0,28
73,1,26
73,2,27
73,3,33
73,4,42
73,5,38
73,6,36
73,7,38
73,8,37
73,9,49
73,10,53
73,11,51
73,12,56
73,13,47
73,14,41
73,15,51
73,16,49
73,17,45
73,18,52
73,19,50
73,20,46
73,21,48
73,22,41
73,23,39
73,24,34
73,25,35
73,26,36
73,27,32
73,28,34
73,29,32
73,30,36
73,31,34
73,32,33
73,33,29
73,34,32
73,35,29
73,36,25
73,37,25
73,38,27
73,39,26
74,0,31
74,1,33
74,2,33
74,3,26
74,4,35
74,5,42
74,6,37
74,7,40
74,8,39
74,9,39
74,10,36
74,11,42
74,12,51
74,13,48
74,14,47
74,15,39
74,16,46
74,17,45
74,18,46
74,19,49
74,20,44
74,21,47
74,22,44
74,23,39
74,24,42
74,25,39
74,26,37
74,27,38
74,28,34
74,29,33
74,30,36
74,31,30
74,32,35
74,33,35
74,34,32
74,35,28
74,36,30
74,37,30
74,38,29
74,39,29
75,0,22
75,1,18
75,2,23
75,3,28
75,4,33
75,5,38
75,6,34
75,7,39
75,8,43
75,9,41
75,10,35
75,11,41
75,12,43
75,13,43
75,14,45
75,15,49
75,16,47
75,17,43
75,18,49
75,19,45
75,20,42
75,21,44
75,22,41
75,23,36
75,24,39
75,25,38
75,26,36
75,27,38
75,28,36
75,29,38
75,30,37
75,31,35
75,32,36
75,33,36
75,34,35
75,35,33
75,36,32
75,37,31
75,38,31
75,39,32
76,0,30
76,1,27
76,2,31
76,3,29
76,4,32
76,5,35
76,6,38
76,7,38
76,8,40
76,9,41
76,10,43
76,11,42
76,12,48
76,13,44
76,14,38
76,15,42
76,16,47
76,17,47
76,18,46
76,19,42
76,20,44
76,21,40
76,22,38
76,23,35
76,24,37
76,25,38
76,26,40
76,27,38
76,28,33
76,29,37
76,30,35
76,31,33
76,32,33
76,33,34
76,34,33
76,35,29
76,36,27
76,37,31
76,38,30
76,39,32
77,0,16
77,1,26
77,2,23
77,3,31
77,4,33
77,5,34
77,6,34
77,7,38
77,8,44
77,9,37
77,10,42
77,11,37
77,12,41
77,13,37
77,14,35
77,15,38
77,16,42
77,17,39
77,18,44
77,19,39
77,20,36
77,21,43
77,22,39
77,23,38
77,24,36
77,25,39
77,26,35
77,27,34
77,28,35
77,29,35
77,30,32
77,31,33
77,32,29
77,33,31
77,34,31
77,35,29
77,36,28
77,37,27
77,38,29
77,39,27
78,0,34
78,1,30
78,2,31
78,3,29
78,4,27
78,5,32
78,6,33
78,7,36
78,8,35
78,9,38
78,10,41
78,11,38
78,12,39
78,13,41
78,14,39
78,15,39
78,16,42
78,17,44
78,18,44
78,19,39
78,20,39
78,21,33
78,22,36
78,23,36
78,24,34
78,25,33
78,26,33
78,27,37
78,28,30
78,29,33
78,30,29
78,31,32
78,32,31
78,33,27
78,34,24
78,35,26
78,36,25
78,37,27
78,38,27
78,39,26
79,0,31
79,1,32
79,2,29
79,3,26
79,4,39
79,5,37
79,6,27
79,7,29
79,8,32
79,9,31
79,10,37
79,11,36
79,12,38
79,13,34
79,14,35
79,15,32
79,16,36
79,17,39
79,18,39
79,19,36
79,20,37
79,21,40
79,22,37
79,23,33
79,24,34
79,25,36
79,26,31
79,27,31
79,28,32
79,29,30
79,30,29
79,31,28
79,32,31
79,33,28
79,34,26
79,35,23
79,36,28
79,37,26
79,38,24
79,39,26
80,0,32
80,1,29
80,2,25
80,3,8
80,4,30
80,5,28
80,6,26
80,7,33
80,8,32
80,9,29
80,10,29
80,11,34
80,12,33
80,13,33
80,14,32
80,15,32
80,16,37
80,17,37
80,18,39
80,19,40
80,20,32
80,21,37
80,22,32
80,23,32
80,24,29
80,25,33
80,26,30
80,27,32
80,28,30
80,29,32
80,30,28
80,31,29
80,32,29
80,33,25
80,34,26
80,35,27
80,36,27
80,37,25
80,38,22
80,39,24
81,0,30
81,1,26
81,2,24
81,3,24
81,4,35
81,5,31
81,6,30
81,7,32
81,8,35
81,9,33
81,10,36
81,11,37
81,12,38
81,13,35
81,14,35
81,15,34
81,16,37
81,17,36
81,18,38
81,19,31
81,20,36
81,21,35
81,22,33
81,23,32
81,24,28
81,25,32
81,26,30
81,27,29
81,28,26
81,29,29
81,30,29
81,31,24
81,32,24
81,33,26
81,34,27
81,35,25
81,36,24
81,37,25
81,38,25
81,39,24
82,0,27
82,1,23
82,2,19
82,3,24
82,4,27
82,5,18
82,6,19
82,7,29
82,8,35
82,9,33
82,10,29
82,11,28
82,12,36
82,13,30
82,14,31
82,15,26
82,16,33
82,17,35
82,18,38
82,19,33
82,20,29
82,21,29
82,22,29
82,23,28
82,24,29
82,25,27
82,26,29
82,27,29
82,28,28
82,29,32
82,30,28
82,31,26
82,32,25
82,33,25
82,34,24
82,35,24
82,36,26
82,37,23
82,38,22
82,39,21
83,0,28
83,1,30
83,2,23
83,3,21
83,4,25
83,5,17
83,6,26
83,7,22
83,8,29
83,9,32
83,10,27
83,11,33
83,12,33
83,13,27
83,14,26
83,15,30
83,16,32
83,17,38
83,18,35
83,19,36
83,20,31
83,21,28
83,22,27
83,23,23
83,24,25
83,25,25
83,26,27
83,27,26
83,28,26
83,29,26
83,30,22
83,31,23
83,32,24
83,33,27
83,34,25
83,35,23
83,36,22
83,37,20
83,38,21
83,39,21
84,0,17
84,1,28
84,2,29
84,3,25
84,4,26
84,5,27
84,6,30
84,7,29
84,8,27
84,9,23
84,10,34
84,11,35
84,12,32
84,13,25
84,14,23
84,15,28
84,16,32
84,17,34
84,18,35
84,19,30
84,20,24
84,21,26
84,22,29
84,23,24
84,24,26
84,25,27
84,26,27
84,27,21
84,28,27
84,29,27
84,30,20
84,31,23
84,32,24
84,33,22
84,34,25
84,35,22
84,36,21
84,37,22
84,38,21
84,39,17
85,0,30
85,1,32
85,2,25
85,3,15
85,4,22
85,5,24
85,6,21
85,7,25
85,8,24
85,9,28
85,10,28
85,11,34
85,12,37
85,13,31
85,14,27
85,15,23
85,16,27
85,17,31
85,18,28
85,19,27
85,20,29
85,21,31
85,22,30
85,23,26
85,24,24
85,25,28
85,26,23
85,27,16
85,28,25
85,29,25
85,30,20
85,31,24
85,32,22
85,33,24
85,34,23
85,35,22
85,36,22
85,37,22
85,38,22
85,39,19
86,0,31
86,1,24
86,2,21
86,3,24
86,4,24
86,5,16
86,6,26
86,7,29
86,8,27
86,9,26
86,10,26
86,11,30
86,12,30
86,13,30
86,14,29
86,15,23
86,16,27
86,17,32
86,18,32
86,19,31
86,20,25
86,21,27
86,22,24
86,23,25
86,24,26
86,25,27
86,26,26
86,27,22
86,28,22
86,29,22
86,30,19
86,31,22
86,32,25
86,33,23
86,34,19
86,35,16
86,36,19
86,37,20
86,38,19
86,39,18
87,0,32
87,1,33
87,2,24
87,3,26
87,4,29
87,5,25
87,6,26
87,7,28
87,8,25
87,9,18
87,10,28
87,11,23
87,12,26
87,13,26
87,14,21
87,15,27
87,16,30
87,17,28
87,18,23
87,19,22
87,20,28
87,21,26
87,22,23
87,23,27
87,24,25
87,25,26
87,26,21
87,27,24
87,28,23
87,29,20
87,30,20
87,31,19
87,32,22
87,33,21
87,34,23
87,35,22
87,36,20
87,37,20
87,38,21
87,39,22
88,0,35
88,1,34
88,2,29
88,3,16
88,4,26
88,5,24
88,6,21
88,7,28
88,8,23
88,9,20
88,10,28
88,11,29
88,12,31
88,13,27
88,14,28
88,15,25
88,16,23
88,17,27
88,18,34
88,19,28
88,20,24
88,21,22
88,22,25
88,23,28
88,24,27
88,25,20
88,26,21
88,27,23
88,28,20
88,29,21
88,30,24
88,31,21
88,32,24
88,33,24
88,34,19
88,35,17
88,36,20
88,37,23
88,38,20
88,39,19
89,0,29
89,1,26
89,2,20
89,3,25
89,4,24
89,5,25
89,6,19
89,7,19
89,8,19
89,9,21
89,10,23
89,11,17
89,12,20
89,13,21
89,14,23
89,15,23
89,16,24
89,17,26
89,18,27
89,19,26
89,20,24
89,21,26
89,22,23
89,23,26
89,24,19
89,25,20
89,26,24
89,27,23
89,28,20
89,29,23
89,30,22
89,31,19
89,32,21
89,33,24
89,34,23
89,35,18
89,36,20
89,37,18
89,38,18
89,39,17
90,0,35
90,1,35
90,2,21
90,3,29
90,4,32
90,5,27
90,6,27
90,7,25
90,8,23
90,9,19
90,10,24
90,11,22
90,12,25
90,13,26
90,14,25
90,15,28
90,16,25
90,17,26
90,18,26
90,19,28
90,20,31
90,21,23
90,22,23
90,23,26
90,24,20
90,25,20
90,26,20
90,27,19
90,28,19
90,29,20
90,30,20
90,31,22
90,32,24
90,33,23
90,34,18
90,35,19
90,36,18
90,37,19
90,38,20
90,39,21
91,0,28
91,1,31
91,2,27
91,3,24
91,4,28
91,5,30
91,6,28
91,7,29
91,8,24
91,9,19
91,10,18
91,11,22
91,12,26
91,13,25
91,14,26
91,15,20
91,16,24
91,17,26
91,18,27
91,19,28
91,20,25
91,21,22
91,22,23
91,23,24
91,24,23
91,25,22
91,26,21
91,27,19
91,28,19
91,29,19
91,30,19
91,31,20
91,32,19
91,33,21
91,34,20
91,35,23
91,36,24
91,37,20
91,38,22
91,39,23
92,0,32
92,1,35
92,2,28
92,3,25
92,4,15
92,5,25
92,6,21
92,7,20
92,8,21
92,9,21
92,10,23
92,11,25
92,12,26
92,13,27
92,14,21
92,15,22
92,16,27
92,17,29
92,18,25
92,19,27
92,20,26
92,21,20
92,22,22
92,23,24
92,24,24
92,25,22
92,26,26
92,27,21
92,28,20
92,29,22
92,30,23
92,31,21
92,32,20
92,33,22
92,34,19
92,35,20
92,36,22
92,37,22
92,38,21
92,39,20
93,0,26
93,1,35
93,2,31
93,3,22
93,4,12
93,5,21
93,6,18
93,7,21
93,8,28
93,9,22
93,10,25
93,11,30
93,12,23
93,13,23
93,14,24
93,15,23
93,16,20
93,17,17
93,18,18
93,19,18
93,20,21
93,21,23
93,22,22
93,23,26
93,24,27
93,25,23
93,26,22
93,27,22
93,28,20
93,29,21
93,30,21
93,31,22
93,32,21
93,33,23
93,34,24
93,35,21
93,36,21
93,37,21
93,38,21
93,39,21
94,0,32
94,1,33
94,2,27
94,3,24
94,4,27
94,5,18
94,6,23
94,7,25
94,8,21
94,9,18
94,10,25
94,11,23
94,12,27
94,13,30
94,14,25
94,15,20
94,16,24
94,17,21
94,18,26
94,19,26
94,20,24
94,21,21
94,22,26
94,23,24
94,24,17
94,25,20
94,26,23
94,27,23
94,28,23
94,29,19
94,30,23
94,31,26
94,32,22
94,33,24
94,34,20
94,35,19
94,36,22
94,37,21
94,38,21
94,39,21
95,0,38
95,1,28
95,2,22
95,3,23
95,4,13
95,5,22
95,6,25
95,7,24
95,8,23
95,9,24
95,10,21
95,11,22
95,12,29
95,13,24
95,14,22
95,15,21
95,16,23
95,17,20
95,18,24
95,19,25
95,20,26
95,21,23
95,22,22
95,23,22
95,24,22
95,25,24
95,26,17
95,27,18
95,28,24
95,29,19
95,30,16
95,31,16
95,32,20
95,33,21
95,34,19
95,35,21
95,36,19
95,37,20
95,38,21
95,39,20
96,0,34
96,1,29
96,2,31
96,3,25
96,4,20
96,5,16
96,6,19
96,7,19
96,8,23
96,9,24
96,10,27
96,11,19
96,12,25
96,13,23
96,14,26
96,15,29
96,16,25
96,17,25
96,18,24
96,19,28
96,20,27
96,21,25
96,22,24
96,23,23
96,24,21
96,25,21
96,26,25
96,27,20
96,28,22
96,29,21
96,30,19
96,31,20
96,32,20
96,33,22
96,34,24
96,35,21
96,36,17
96,37,20
96,38,21
96,39,18
97,0,40
97,1,26
97,2,18
97,3,26
97,4,26
97,5,20
97,6,25
97,7,17
97,8,14
97,9,24
97,10,20
97,11,24
97,12,26
97,13,25
97,14,20
97,15,22
97,16,24
97,17,22
97,18,27
97,19,22
97,20,24
97,21,28
97,22,24
97,23,23
97,24,18
97,25,22
97,26,22
97,27,18
97,28,21
97,29,20
97,30,23
97,31,25
97,32,21
97,33,26
97,34,23
97,35,23
97,36,22
97,37,20
97,38,23
97,39,20
98,0,34
98,1,30
98,2,26
98,3,20
98,4,21
98,5,22
98,6,22
98,7,18
98,8,22
98,9,26
98,10,28
98,11,29
98,12,30
98,13,23
98,14,24
98,15,24
98,16,26
98,17,28
98,18,28
98,19,24
98,20,26
98,21,23
98,22,18
98,23,23
98,24,25
98,25,25
98,26,24
98,27,24
98,28,23
98,29,21
98,30,22
98,31,19
98,32,24
98,33,24
98,34,20
98,35,24
98,36,24
98,37,25
98,38,26
98,39,25
99,0,33
99,1,21
99,2,18
99,3,21
99,4,27
99,5,22
99,6,24
99,7,26
99,8,22
99,9,23
99,10,24
99,11,22
99,12,29
99,13,25
99,14,22
99,15,27
99,16,24
99,17,22
99,18,23
99,19,25
99,20,25
99,21,24
99,22,22
99,23,27
99,24,24
99,25,24
99,26,22
99,27,20
99,28,20
99,29,19
99,30,18
99,31,21
99,32,23
99,33,24
99,34,21
99,35,20
99,36,23
99,37,21
99,38,24
99,39,25
100,0,24
100,1,34
100,2,26
100,3,20
100,4,29
100,5,26
100,6,18
100,7,19
100,8,23
100,9,21
100,10,24
100,11,27
100,12,30
100,13,28
100,14,25
100,15,24
100,16,30
100,17,28
100,18,24
100,19,30
100,20,26
100,21,25
100,22,20
100,23,21
100,24,22
100,25,19
100,26,25
100,27,24
100,28,27
100,29,25
100,30,23
100,31,24
100,32,27
100,33,25
100,34,24
100,35,22
100,36,26
100,37,24
100,38,25
100,39,23
101,0,14
101,1,32
101,2,29
101,3,19
101,4,23
101,5,23
101,6,20
101,7,6
101,8,12
101,9,21
101,10,27
101,11,25
101,12,23
101,13,25
101,14,24
101,15,23
101,16,26
101,17,24
101,18,25
101,19,29
101,20,27
101,21,26
101,22,20
101,23,25
101,24,26
101,25,27
101,26,29
101,27,23
101,28,28
101,29,25
101,30,30
101,31,29
101,32,32
101,33,32
101,34,34
101,35,30
101,36,29
101,37,35
101,38,32
101,39,34
102,0,19
102,1,29
102,2,25
102,3,37
102,4,38
102,5,30
102,6,35
102,7,42
102,8,35
102,9,32
102,10,46
102,11,50
102,12,48
102,13,45
102,14,49
102,15,45
102,16,43
102,17,50
102,18,47
102,19,42
102,20,39
102,21,38
102,22,32
102,23,37
102,24,36
102,25,36
102,26,34
102,27,33
102,28,34
102,29,35
102,30,32
102,31,33
102,32,36
102,33,36
102,34,34
102,35,34
102,36,35
102,37,35
102,38,34
102,39,33
103,0,40
103,1,38
103,2,43
103,3,46
103,4,45
103,5,46
103,6,43
103,7,48
103,8,44
103,9,43
103,10,50
103,11,52
103,12,53
103,13,46
103,14,45
103,15,52
103,16,51
103,17,52
103,18,53
103,19,50
103,20,45
103,21,43
103,22,39
103,23,38
103,24,31
103,25,33
103,26,36
103,27,33
103,28,32
103,29,28
103,30,30
103,31,31
103,32,35
103,33,34
103,34,35
103,35,35
103,36,33
103,37,31
103,38,32
103,39,29
104,0,42
104,1,41
104,2,40
104,3,44
104,4,34
104,5,40
104,6,43
104,7,51
104,8,46
104,9,43
104,10,49
104,11,49
104,12,47
104,13,41
104,14,44
104,15,46
104,16,47
104,17,47
104,18,47
104,19,46
104,20,41
104,21,38
104,22,38
104,23,32
104,24,35
104,25,34
104,26,32
104,27,30
104,28,27
104,29,29
104,30,36
104,31,34
104,32,37
104,33,29
104,34,32
104,35,33
104,36,31
104,37,27
104,38,28
104,39,29
105,0,40
105,1,42
105,2,35
105,3,37
105,4,39
105,5,44
105,6,42
105,7,45
105,8,43
105,9,46
105,10,47
105,11,42
105,12,47
105,13,38
105,14,39
105,15,54
105,16,46
105,17,49
105,18,46
105,19,43
105,20,33
105,21,33
105,22,34
105,23,39
105,24,34
105,25,33
105,26,29
105,27,26
105,28,29
105,29,31
105,30,33
105,31,33
105,32,32
105,33,32
105,34,35
105,35,32
105,36,31
105,37,29
105,38,29
105,39,26
106,0,37
106,1,40
106,2,39
106,3,46
106,4,44
106,5,44
106,6,41
106,7,51
106,8,45
106,9,44
106,10,38
106,11,43
106,12,40
106,13,35
106,14,39
106,15,40
106,16,45
106,17,46
106,18,40
106,19,34
106,20,36
106,21,33
106,22,32
106,23,29
106,24,34
106,25,31
106,26,30
106,27,28
106,28,30
106,29,26
106,30,27
106,31,27
106,32,30
106,33,27
106,34,32
106,35,31
106,36,27
106,37,26
106,38,27
106,39,26
107,0,34
107,1,40
107,2,38
107,3,42
107,4,39
107,5,35
107,6,34
107,7,41
107,8,42
107,9,41
107,10,37
107,11,38
107,12,41
107,13,35
107,14,40
107,15,44
107,16,46
107,17,44
107,18,45
107,19,37
107,20,34
107,21,34
107,22,32
107,23,26
107,24,28
107,25,25
107,26,26
107,27,23
107,28,29
107,29,27
107,30,28
107,31,26
107,32,30
107,33,28
107,34,29
107,35,27
107,36,26
107,37,23
107,38,25
107,39,23
108,0,42
108,1,42
108,2,34
108,3,38
108,4,39
108,5,33
108,6,43
108,7,44
108,8,41
108,9,44
108,10,46
108,11,43
108,12,46
108,13,33
108,14,40
108,15,42
108,16,41
108,17,42
108,18,39
108,19,38
108,20,34
108,21,33
108,22,23
108,23,29
108,24,29
108,25,27
108,26,24
108,27,23
108,28,24
108,29,29
108,30,28
108,31,29
108,32,29
108,33,27
108,34,30
108,35,25
108,36,26
108,37,24
108,38,25
108,39,25
109,0,27
109,1,38
109,2,30
109,3,33
109,4,34
109,5,29
109,6,40
109,7,43
109,8,41
109,9,40
109,10,40
109,11,33
109,12,41
109,13,35
109,14,40
109,15,42
109,16,43
109,17,43
109,18,43
109,19,33
109,20,30
109,21,32
109,22,29
109,23,27
109,24,27
109,25,29
109,26,28
109,27,29
109,28,29
109,29,24
109,30,30
109,31,29
109,32,30
109,33,28
109,34,27
109,35,25
109,36,27
109,37,23
109,38,21
109,39,24
110,0,10
110,1,37
110,2,32
110,3,33
110,4,28
110,5,30
110,6,38
110,7,34
110,8,37
110,9,38
110,10,42
110,11,36
110,12,35
110,13,29
110,14,37
110,15,42
110,16,33
110,17,39
110,18,31
110,19,32
110,20,33
110,21,29
110,22,30
110,23,27
110,24,26
110,25,23
110,26,25
110,27,27
110,28,30
110,29,25
110,30,24
110,31,26
110,32,29
110,33,30
110,34,29
110,35,21
110,36,23
110,37,22
110,38,23
110,39,22
111,0,28
111,1,37
111,2,29
111,3,37
111,4,38
111,5,28
111,6,31
111,7,21
111,8,38
111,9,37
111,10,29
111,11,25
111,12,34
111,13,33
111,14,33
111,15,33
111,16,39
111,17,42
111,18,35
111,19,37
111,20,27
111,21,27
111,22,30
111,23,28
111,24,28
111,25,25
111,26,24
111,27,24
111,28,26
111,29,28
111,30,25
111,31,30
111,32,28
111,33,27
111,34,28
111,35,24
111,36,20
111,37,18
111,38,20
111,39,22
112,0,34
112,1,36
112,2,31
112,3,30
112,4,26
112,5,26
112,6,26
112,7,40
112,8,34
112,9,33
112,10,25
112,11,28
112,12,35
112,13,33
112,14,30
112,15,33
112,16,37
112,17,40
112,18,36
112,19,30
112,20,28
112,21,28
112,22,27
112,23,20
112,24,27
112,25,22
112,26,26
112,27,24
112,28,24
112,29,26
112,30,26
112,31,20
112,32,24
112,33,25
112,34,24
112,35,23
112,36,23
112,37,20
112,38,22
112,39,20
113,0,30
113,1,40
113,2,31
113,3,32
113,4,30
113,5,27
113,6,35
113,7,28
113,8,33
113,9,35
113,10,36
113,11,32
113,12,35
113,13,26
113,14,36
113,15,33
113,16,33
113,17,33
113,18,33
113,19,36
113,20,27
113,21,27
113,22,24
113,23,26
113,24,26
113,25,23
113,26,22
113,27,21
113,28,19
113,29,26
113,30,25
113,31,23
113,32,29
113,33,26
113,34,23
113,35,19
113,36,22
113,37,20
113,38,21
113,39,20
114,0,41
114,1,34
114,2,23
114,3,25
114,4,28
114,5,34
114,6,33
114,7,26
114,8,33
114,9,23
114,10,31
114,11,26
114,12,29
114,13,32
114,14,28
114,15,29
114,16,35
114,17,33
114,18,36
114,19,29
114,20,26
114,21,22
114,22,20
114,23,24
114,24,27
114,25,26
114,26,24
114,27,25
114,28,22
114,29,21
114,30,21
114,31,24
114,32,20
114,33,22
114,34,20
114,35,24
114,36,24
114,37,21
114,38,20
114,39,19
115,0,35
115,1,34
115,2,27
115,3,27
115,4,20
115,5,22
115,6,26
115,7,19
115,8,26
115,9,28
115,10,31
115,11,27
115,12,27
115,13,27
115,14,28
115,15,33
115,16,32
115,17,27
115,18,33
115,19,30
115,20,26
115,21,24
115,22,26
115,23,23
115,24,22
115,25,25
115,26,24
115,27,21
115,28,23
115,29,19
115,30,20
115,31,22
115,32,23
115,33,17
115,34,21
115,35,20
115,36,24
115,37,20
115,38,20
115,39,18
116,0,25
116,1,36
116,2,30
116,3,28
116,4,20
116,5,23
116,6,22
116,7,25
116,8,31
116,9,26
116,10,18
116,11,24
116,12,25
116,13,26
116,14,27
116,15,27
116,16,26
116,17,26
116,18,30
116,19,26
116,20,24
116,21,23
116,22,20
116,23,20
116,24,22
116,25,19
116,26,22
116,27,25
116,28,20
116,29,20
116,30,18
116,31,19
116,32,22
116,33,25
116,34,21
116,35,20
116,36,18
116,37,20
116,38,21
116,39,21
117,0,32
117,1,30
117,2,26
117,3,29
117,4,25
117,5,29
117,6,30
117,7,25
117,8,19
117,9,27
117,10,23
117,11,21
117,12,30
117,13,28
117,14,27
117,15,17
117,16,22
117,17,28
117,18,26
117,19,25
117,20,28
117,21,25
117,22,27
117,23,23
117,24,21
117,25,20
117,26,16
117,27,21
117,28,25
117,29,23
117,30,22
117,31,21
117,32,22
117,33,24
117,34,21
117,35,18
117,36,21
117,37,21
117,38,21
117,39,21
118,0,32
118,1,32
118,2,25
118,3,29
118,4,29
118,5,30
118,6,25
118,7,25
118,8,22
118,9,26
118,10,28
118,11,26
118,12,26
118,13,24
118,14,27
118,15,28
118,16,25
118,17,25
118,18,29
118,19,28
118,20,28
118,21,26
118,22,21
118,23,25
118,24,23
118,25,22
118,26,20
118,27,19
118,28,22
118,29,20
118,30,23
118,31,23
118,32,19
118,33,20
118,34,22
118,35,24
118,36,20
118,37,20
118,38,21
118,39,18
119,0,21
119,1,26
119,2,20
119,3,30
119,4,29
119,5,24
119,6,27
119,7,29
119,8,25
119,9,23
119,10,21
119,11,27
119,12,25
119,13,25
119,14,29
119,15,28
119,16,27
119,17,25
119,18,30
119,19,25
119,20,28
119,21,22
119,22,20
119,23,23
119,24,19
119,25,19
119,26,18
119,27,22
119,28,18
119,29,20
119,30,21
119,31,21
119,32,21
119,33,24
119,34,23
119,35,20
119,36,21
119,37,21
119,38,20
119,39,20
120,0,25
120,1,29
120,2,18
120,3,20
120,4,14
120,5,28
120,6,27
120,7,23
120,8,22
120,9,25
120,10,30
120,11,22
120,12,23
120,13,24
120,14,20
120,15,28
120,16,24
120,17,24
120,18,25
120,19,22
120,20,26
120,21,25
120,22,22
120,23,23
120,24,24
120,25,24
120,26,20
120,27,20
120,28,20
120,29,22
120,30,19
120,31,22
120,32,20
120,33,17
120,34,19
120,35,21
120,36,23
120,37,22
120,38,21
120,39,18
121,0,35
121,1,33
121,2,15
121,3,25
121,4,28
121,5,33
121,6,25
121,7,23
121,8,24
121,9,24
121,10,28
121,11,21
121,12,21
121,13,20
121,14,23
121,15,20
121,16,22
121,17,23
121,18,23
121,19,26
121,20,25
121,21,24
121,22,25
121,23,25
121,24,17
121,25,16
121,26,19
121,27,18
121,28,20
121,29,18
121,30,17
121,31,22
121,32,23
121,33,23
121,34,23
121,35,22
121,36,22
121,37,22
121,38,19
121,39,20
122,0,31
122,1,23
122,2,30
122,3,29
122,4,27
122,5,20
122,6,20
122,7,15
122,8,19
122,9,20
122,10,26
122,11,24
122,12,24
122,13,29
122,14,25
122,15,26
122,16,24
122,17,29
122,18,26
122,19,26
122,20,26
122,21,24
122,22,23
122,23,25
122,24,23
122,25,26
122,26,21
122,27,22
122,28,20
122,29,17
122,30,21
122,31,21
122,32,22
122,33,22
122,34,22
122,35,21
122,36,23
122,37,22
122,38,21
122,39,21
123,0,36
123,1,31
123,2,27
123,3,28
123,4,35
123,5,44
123,6,49
123,7,51
123,8,44
123,9,50
123,10,50
123,11,56
123,12,56
123,13,55
123,14,52
123,15,54
123,16,49
123,17,52
123,18,58
123,19,51
123,20,51
123,21,52
123,22,47
123,23,51
123,24,45
123,25,43
123,26,42
123,27,42
123,28,41
123,29,36
123,30,34
123,31,31
123,32,29
123,33,29
123,34,33
123,35,30
123,36,30
123,37,28
123,38,29
123,39,31
124,0,31
124,1,26
124,2,32
124,3,31
124,4,38
124,5,50
124,6,56
124,7,56
124,8,50
124,9,51
124,10,51
124,11,61
124,12,60
124,13,56
124,14,56
124,15,59
124,16,48
124,17,59
124,18,60
124,19,53
124,20,55
124,21,58
124,22,52
124,23,50
124,24,45
124,25,46
124,26,46
124,27,43
124,28,40
124,29,38
124,30,39
124,31,41
124,32,37
124,33,38
124,34,36
124,35,37
124,36,35
124,37,34
124,38,35
124,39,34
125,0,39
125,1,34
125,2,22
125,3,38
125,4,43
125,5,47
125,6,54
125,7,56
125,8,50
125,9,47
125,10,52
125,11,53
125,12,57
125,13,46
125,14,50
125,15,51
125,16,45
125,17,49
125,18,53
125,19,43
125,20,50
125,21,49
125,22,50
125,23,48
125,24,43
125,25,46
125,26,44
125,27,36
125,28,37
125,29,42
125,30,37
125,31,41
125,32,39
125,33,39
125,34,39
125,35,37
125,36,37
125,37,35
125,38,34
125,39,37
126,0,32
126,1,32
126,2,30
126,3,31
126,4,40
126,5,48
126,6,50
126,7,45
126,8,48
126,9,38
126,10,47
126,11,50
126,12,55
126,13,45
126,14,46
126,15,54
126,16,50
126,17,52
126,18,50
126,19,50
126,20,48
126,21,52
126,22,46
126,23,49
126,24,43
126,25,39
126,26,39
126,27,40
126,28,38
126,29,37
126,30,37
126,31,39
126,32,38
126,33,38
126,34,38
126,35,38
126,36,34
126,37,35
126,38,32
126,39,32
127,0,26
127,1,32
127,2,28
127,3,33
127,4,34
127,5,41
127,6,42
127,7,43
127,8,44
127,9,44
127,10,42
127,11,47
127,12,51
127,13,48
127,14,50
127,15,48
127,16,48
127,17,49
127,18,51
127,19,52
127,20,52
127,21,53
127,22,44
127,23,39
127,24,41
127,25,38
127,26,36
127,27,36
127,28,35
127,29,35
127,30,36
127,31,36
127,32,36
127,33,34
127,34,29
127,35,31
127,36,34
127,37,34
127,38,29
127,39,30
128,0,36
128,1,28
128,2,21
128,3,29
128,4,32
128,5,33
128,6,44
128,7,52
128,8,50
128,9,47
128,10,43
128,11,48
128,12,52
128,13,45
128,14,49
128,15,51
128,16,43
128,17,44
128,18,50
128,19,47
128,20,48
128,21,47
128,22,43
128,23,44
128,24,41
128,25,41
128,26,39
128,27,37
128,28,33
128,29,34
128,30,33
128,31,35
128,32,32
128,33,33
128,34,33
128,35,31
128,36,30
128,37,30
128,38,27
128,39,26
129,0,28
129,1,21
129,2,21
129,3,32
129,4,34
129,5,39
129,6,43
129,7,47
129,8,46
129,9,37
129,10,45
129,11,45
129,12,48
129,13,38
129,14,43
129,15,39
129,16,45
129,17,50
129,18,47
129,19,43
129,20,49
129,21,50
129,22,42
129,23,42
129,24,37
129,25,36
129,26,36
129,27,36
129,28,30
129,29,33
129,30,31
129,31,31
129,32,31
129,33,31
129,34,30
129,35,30
129,36,27
129,37,27
129,38,24
129,39,23
130,0,30
130,1,34
130,2,29
130,3,29
130,4,28
130,5,39
130,6,43
130,7,38
130,8,46
130,9,45
130,10,36
130,11,40
130,12,42
130,13,38
130,14,40
130,15,38
130,16,38
130,17,48
130,18,46
130,19,45
130,20,45
130,21,43
130,22,40
130,23,37
130,24,35
130,25,37
130,26,35
130,27,31
130,28,30
130,29,29
130,30,29
130,31,30
130,32,29
130,33,29
130,34,28
130,35,28
130,36,28
130,37,28
130,38,23
130,39,23
131,0,38
131,1,31
131,2,29
131,3,22
131,4,36
131,5,38
131,6,47
131,7,43
131,8,46
131,9,40
131,10,36
131,11,42
131,12,45
131,13,37
131,14,42
131,15,46
131,16,33
131,17,38
131,18,45
131,19,39
131,20,36
131,21,37
131,22,38
131,23,38
131,24,34
131,25,33
131,26,30
131,27,30
131,28,33
131,29,31
131,30,31
131,31,29
131,32,24
131,33,27
131,34,27
131,35,27
131,36,25
131,37,23
131,38,22
131,39,23
132,0,35
132,1,34
132,2,24
132,3,22
132,4,30
132,5,35
132,6,43
132,7,40
132,8,43
132,9,39
132,10,36
132,11,40
132,12,32
132,13,35
132,14,40
132,15,41
132,16,35
132,17,40
132,18,41
132,19,44
132,20,42
132,21,43
132,22,36
132,23,35
132,24,30
132,25,31
132,26,32
132,27,31
132,28,27
132,29,27
132,30,29
132,31,26
132,32,27
132,33,27
132,34,27
132,35,25
132,36,25
132,37,22
132,38,20
132,39,21
133,0,33
133,1,33
133,2,25
133,3,23
133,4,22
133,5,32
133,6,38
133,7,45
133,8,41
133,9,27
133,10,31
133,11,36
133,12,41
133,13,32
133,14,36
133,15,35
133,16,32
133,17,37
133,18,40
133,19,36
133,20,38
133,21,36
133,22,29
133,23,35
133,24,30
133,25,32
133,26,28
133,27,27
133,28,26
133,29,27
133,30,26
133,31,27
133,32,26
133,33,23
133,34,24
133,35,24
133,36,21
133,37,21
133,38,21
133,39,23
134,0,34
134,1,37
134,2,28
134,3,23
134,4,23
134,5,21
134,6,28
134,7,37
134,8,35
134,9,31
134,10,36
134,11,32
134,12,41
134,13,37
134,14,36
134,15,35
134,16,33
134,17,36
134,18,34
134,19,34
134,20,35
134,21,35
134,22,32
134,23,28
134,24,30
134,25,27
134,26,26
134,27,26
134,28,25
134,29,25
134,30,24
134,31,27
134,32,25
134,33,26
134,34,24
134,35,18
134,36,24
134,37,23
134,38,23
134,39,20
135,0,34
135,1,34
135,2,27
135,3,25
135,4,25
135,5,28
135,6,30
135,7,34
135,8,39
135,9,35
135,10,33
135,11,38
135,12,39
135,13,30
135,14,33
135,15,40
135,16,33
135,17,38
135,18,38
135,19,34
135,20,34
135,21,36
135,22,31
135,23,30
135,24,26
135,25,27
135,26,24
135,27,25
135,28,25
135,29,23
135,30,25
135,31,21
135,32,23
135,33,23
135,34,21
135,35,21
135,36,23
135,37,23
135,38,23
135,39,21
136,0,38
136,1,27
136,2,20
136,3,18
136,4,24
136,5,34
136,6,35
136,7,27
136,8,29
136,9,32
136,10,25
136,11,32
136,12,39
136,13,29
136,14,32
136,15,34
136,16,30
136,17,27
136,18,30
136,19,31
136,20,35
136,21,36
136,22,32
136,23,27
136,24,26
136,25,22
136,26,25
136,27,21
136,28,25
136,29,20
136,30,24
136,31,20
136,32,22
136,33,24
136,34,22
136,35,24
136,36,23
136,37,22
136,38,19
136,39,21
137,0,34
137,1,17
137,2,25
137,3,16
137,4,21
137,5,31
137,6,31
137,7,33
137,8,31
137,9,26
137,10,22
137,11,30
137,12,35
137,13,25
137,14,31
137,15,30
137,16,31
137,17,31
137,18,30
137,19,30
137,20,34
137,21,36
137,22,29
137,23,24
137,24,23
137,25,26
137,26,27
137,27,22
137,28,20
137,29,24
137,30,24
137,31,25
137,32,23
137,33,22
137,34,23
137,35,23
137,36,21
137,37,23
137,38,23
137,39,20
138,0,23
138,1,30
138,2,28
138,3,22
138,4,23
138,5,24
138,6,30
138,7,32
138,8,32
138,9,28
138,10,27
138,11,31
138,12,34
138,13,31
138,14,31
138,15,32
138,16,21
138,17,30
138,18,32
138,19,24
138,20,23
138,21,29
138,22,25
138,23,21
138,24,22
138,25,23
138,26,19
138,27,20
138,28,19
138,29,21
138,30,21
138,31,21
138,32,21
138,33,22
138,34,24
138,35,22
138,36,18
138,37,16
138,38,21
138,39,22
139,0,38
139,1,38
139,2,30
139,3,26
139,4,26
139,5,35
139,6,35
139,7,33
139,8,31
139,9,22
139,10,29
139,11,30
139,12,32
139,13,23
139,14,26
139,15,25
139,16,31
139,17,31
139,18,32
139,19,24
139,20,27
139,21,31
139,22,23
139,23,26
139,24,24
139,25,20
139,26,18
139,27,23
139,28,20
139,29,17
139,30,20
139,31,21
139,32,26
139,33,25
139,34,23
139,35,22
139,36,21
139,37,21
139,38,19
139,39,18
140,0,31
140,1,26
140,2,17
140,3,25
140,4,24
140,5,30
140,6,34
140,7,27
140,8,21
140,9,21
140,10,20
140,11,22
140,12,36
140,13,27
140,14,28
140,15,31
140,16,26
140,17,26
140,18,27
140,19,25
140,20,25
140,21,27
140,22,25
140,23,21
140,24,20
140,25,21
140,26,20
140,27,22
140,28,24
140,29,22
140,30,22
140,31,21
140,32,20
140,33,18
140,34,22
140,35,21
140,36,24
140,37,21
140,38,19
140,39,20
141,0,29
141,1,31
141,2,28
141,3,23
141,4,19
141,5,26
141,6,29
141,7,26
141,8,31
141,9,18
141,10,25
141,11,29
141,12,33
141,13,33
141,14,42
141,15,43
141,16,38
141,17,34
141,18,33
141,19,36
141,20,34
141,21,35
141,22,42
141,23,43
141,24,39
141,25,35
141,26,34
141,27,36
141,28,34
141,29,30
141,30,26
141,31,21
141,32,22
141,33,22
141,34,25
141,35,21
141,36,21
141,37,23
141,38,21
141,39,20
142,0,35
142,1,34
142,2,33
142,3,33
142,4,38
142,5,44
142,6,52
142,7,55
142,8,49
142,9,56
142,10,56
142,11,62
142,12,62
142,13,56
142,14,57
142,15,62
142,16,54
142,17,52
142,18,58
142,19,54
142,20,53
142,21,58
142,22,56
142,23,53
142,24,47
142,25,51
142,26,46
142,27,50
142,28,48
142,29,45
142,30,44
142,31,39
142,32,39
142,33,39
142,34,40
142,35,41
142,36,37
142,37,33
142,38,33
142,39,32
143,0,29
143,1,31
143,2,41
143,3,35
143,4,41
143,5,52
143,6,59
143,7,59
143,8,54
143,9,53
143,10,54
143,11,58
143,12,59
143,13,53
143,14,57
143,15,61
143,16,52
143,17,57
143,18,60
143,19,58
143,20,57
143,21,60
143,22,56
143,23,47
143,24,45
143,25,48
143,26,49
143,27,50
143,28,45
143,29,44
143,30,42
143,31,40
143,32,38
143,33,39
143,34,38
143,35,37
143,36,37
143,37,34
143,38,34
143,39,34
144,0,35
144,1,39
144,2,36
144,3,40
144,4,44
144,5,48
144,6,57
144,7,56
144,8,50
144,9,50
144,10,57
144,11,50
144,12,56
144,13,49
144,14,52
144,15,60
144,16,53
144,17,46
144,18,57
144,19,52
144,20,49
144,21,52
144,22,54
144,23,47
144,24,44
144,25,46
144,26,45
144,27,44
144,28,41
144,29,43
144,30,42
144,31,38
144,32,36
144,33,39
144,34,39
144,35,36
144,36,34
144,37,37
144,38,35
144,39,33
145,0,38
145,1,43
145,2,34
145,3,43
145,4,45
145,5,49
145,6,53
145,7,48
145,8,47
145,9,38
145,10,53
145,11,54
145,12,52
145,13,43
145,14,45
145,15,55
145,16,51
145,17,44
145,18,51
145,19,49
145,20,51
145,21,53
145,22,49
145,23,45
145,24,45
145,25,45
145,26,43
145,27,41
145,28,43
145,29,42
145,30,41
145,31,33
145,32,34
145,33,39
145,34,38
145,35,33
145,36,30
145,37,34
145,38,36
145,39,33
146,0,37
146,1,39
146,2,33
146,3,38
146,4,35
146,5,43
146,6,43
146,7,45
146,8,51
146,9,51
146,10,50
146,11,49
146,12,53
146,13,48
146,14,52
146,15,53
146,16,50
146,17,48
146,18,53
146,19,56
146,20,54
146,21,51
146,22,48
146,23,42
146,24,40
146,25,41
146,26,39
146,27,40
146,28,36
146,29,38
146,30,37
146,31,36
146,32,37
146,33,34
146,34,35
146,35,33
146,36,30
146,37,32
146,38,30
146,39,28
147,0,39
147,1,41
147,2,32
147,3,36
147,4,37
147,5,40
147,6,46
147,7,53
147,8,45
147,9,47
147,10,49
147,11,52
147,12,52
147,13,43
147,14,48
147,15,53
147,16,47
147,17,46
147,18,48
147,19,48
147,20,48
147,21,46
147,22,47
147,23,44
147,24,39
147,25,42
147,26,41
147,27,38
147,28,35
147,29,38
147,30,35
147,31,32
147,32,34
147,33,32
147,34,28
147,35,28
147,36,30
147,37,26
147,38,26
147,39,27
148,0,26
148,1,40
148,2,24
148,3,29
148,4,25
148,5,41
148,6,46
148,7,49
148,8,47
148,9,43
148,10,48
148,11,41
148,12,41
148,13,38
148,14,41
148,15,41
148,16,49
148,17,48
148,18,50
148,19,46
148,20,48
148,21,50
148,22,43
148,23,37
148,24,38
148,25,39
148,26,37
148,27,38
148,28,37
148,29,37
148,30,33
148,31,35
148,32,32
148,33,32
148,34,32
148,35,30
148,36,28
148,37,25
148,38,25
148,39,26
149,0,37
149,1,39
149,2,26
149,3,27
149,4,30
149,5,36
149,6,49
149,7,36
149,8,45
149,9,44
149,10,43
149,11,38
149,12,47
149,13,39
149,14,39
149,15,47
149,16,42
149,17,38
149,18,48
149,19,47
149,20,48
149,21,43
149,22,44
149,23,39
149,24,41
149,25,37
149,26,37
149,27,37
149,28,36
149,29,34
149,30,29
149,31,29
149,32,32
149,33,29
149,34,30
149,35,28
149,36,25
149,37,26
149,38,23
149,39,22
150,0,39
150,1,38
150,2,30
150,3,31
150,4,37
150,5,43
150,6,47
150,7,43
150,8,44
150,9,39
150,10,33
150,11,39
150,12,40
150,13,33
150,14,36
150,15,48
150,16,42
150,17,41
150,18,48
150,19,43
150,20,39
150,21,43
150,22,42
150,23,40
150,24,37
150,25,37
150,26,32
150,27,32
150,28,25
150,29,30
150,30,28
150,31,32
150,32,31
150,33,28
150,34,29
150,35,26
150,36,26
150,37,26
150,38,22
150,39,21
151,0,39
151,1,40
151,2,33
151,3,30
151,4,30
151,5,37
151,6,42
151,7,47
151,8,48
151,9,41
151,10,39
151,11,41
151,12,39
151,13,35
151,14,41
151,15,42
151,16,38
151,17,35
151,18,44
151,19,41
151,20,41
151,21,40
151,22,37
151,23,37
151,24,33
151,25,37
151,26,31
151,27,33
151,28,29
151,29,29
151,30,25
151,31,23
151,32,30
151,33,26
151,34,24
151,35,26
151,36,24
151,37,22
151,38,19
151,39,20
152,0,28
152,1,40
152,2,29
152,3,26
152,4,30
152,5,21
152,6,38
152,7,44
152,8,38
152,9,35
152,10,35
152,11,37
152,12,41
152,13,29
152,14,37
152,15,38
152,16,31
152,17,38
152,18,42
152,19,40
152,20,41
152,21,39
152,22,38
152,23,32
152,24,32
152,25,33
152,26,30
152,27,30
152,28,29
152,29,29
152,30,27
152,31,27
152,32,27
152,33,26
152,34,24
152,35,24
152,36,23
152,37,22
152,38,22
152,39,21
153,0,30
153,1,38
153,2,26
153,3,20
153,4,25
153,5,25
153,6,30
153,7,38
153,8,39
153,9,32
153,10,42
153,11,34
153,12,36
153,13,36
153,14,37
153,15,39
153,16,36
153,17,35
153,18,37
153,19,38
153,20,35
153,21,38
153,22,38
153,23,32
153,24,27
153,25,28
153,26,30
153,27,29
153,28,26
153,29,26
153,30,25
153,31,24
153,32,23
153,33,26
153,34,26
153,35,23
153,36,22
153,37,23
153,38,24
153,39,22
154,0,29
154,1,37
154,2,9
154,3,28
154,4,27
154,5,28
154,6,34
154,7,34
154,8,42
154,9,36
154,10,35
154,11,35
154,12,41
154,13,35
154,14,36
154,15,42
154,16,37
154,17,33
154,18,35
154,19,31
154,20,34
154,21,34
154,22,33
154,23,32
154,24,27
154,25,27
154,26,24
154,27,23
154,28,24
154,29,27
154,30,22
154,31,23
154,32,25
154,33,24
154,34,24
154,35,20
154,36,24
154,37,22
154,38,21
154,39,21
155,0,22
155,1,35
155,2,34
155,3,29
155,4,22
155,5,37
155,6,36
155,7,34
155,8,38
155,9,36
155,10,33
155,11,34
155,12,35
155,13,27
155,14,31
155,15,38
155,16,32
155,17,33
155,18,32
155,19,33
155,20,40
155,21,40
155,22,31
155,23,20
155,24,25
155,25,30
155,26,27
155,27,27
155,28,26
155,29,25
155,30,26
155,31,24
155,32,26
155,33,26
155,34,24
155,35,23
155,36,22
155,37,23
155,38,23
155,39,23
156,0,29
156,1,34
156,2,20
156,3,28
156,4,29
156,5,23
156,6,33
156,7,32
156,8,29
156,9,30
156,10,31
156,11,32
156,12,36
156,13,21
156,14,33
156,15,31
156,16,23
156,17,29
156,18,37
156,19,37
156,20,35
156,21,32
156,22,30
156,23,24
156,24,28
156,25,31
156,26,27
156,27,26
156,28,25
156,29,20
156,30,25
156,31,23
156,32,25
156,33,23
156,34,25
156,35,25
156,36,22
156,37,23
156,38,23
156,39,24
157,0,27
157,1,40
157,2,33
157,3,22
157,4,26
157,5,28
157,6,32
157,7,33
157,8,32
157,9,30
157,10,27
157,11,35
157,12,35
157,13,23
157,14,24
157,15,33
157,16,29
157,17,31
157,18,35
157,19,32
157,20,29
157,21,32
157,22,32
157,23,27
157,24,29
157,25,31
157,26,26
157,27,19
157,28,25
157,29,22
157,30,21
157,31,25
157,32,23
157,33,24
157,34,25
157,35,23
157,36,25
157,37,23
157,38,24
157,39,22
158,0,29
158,1,36
158,2,19
158,3,21
158,4,30
158,5,31
158,6,34
158,7,26
158,8,30
158,9,29
158,10,30
158,11,20
158,12,30
158,13,24
158,14,25
158,15,28
158,16,33
158,17,26
158,18,30
158,19,26
158,20,27
158,21,25
158,22,27
158,23,29
158,24,22
158,25,25
158,26,25
158,27,22
158,28,19
158,29,21
158,30,23
158,31,26
158,32,25
158,33,23
158,34,21
158,35,22
158,36,22
158,37,23
158,38,23
158,39,22
159,0,19
159,1,28
159,2,18
159,3,19
159,4,21
159,5,17
159,6,37
159,7,28
159,8,27
159,9,29
159,10,28
159,11,23
159,12,28
159,13,25
159,14,26
159,15,31
159,16,30
159,17,26
159,18,31
159,19,30
159,20,29
159,21,29
159,22,28
159,23,30
159,24,23
159,25,26
159,26,25
159,27,20
159,28,19
159,29,19
159,30,23
159,31,23
159,32,22
159,33,25
159,34,27
159,35,21
159,36,23
159,37,23
159,38,24
159,39,21
160,0,29
160,1,35
160,2,34
160,3,31
160,4,35
160,5,42
160,6,45
160,7,48
160,8,42
160,9,48
160,10,51
160,11,57
160,12,51
160,13,48
160,14,44
160,15,47
160,16,40
160,17,40
160,18,44
160,19,35
160,20,35
160,21,40
160,22,36
160,23,40
160,24,38
160,25,39
160,26,34
160,27,38
160,28,34
160,29,33
160,30,32
160,31,37
160,32,33
160,33,37
160,34,38
160,35,38
160,36,34
160,37,35
160,38,35
160,39,36
161,0,31
161,1,40
161,2,45
161,3,41
161,4,39
161,5,48
161,6,55
161,7,55
161,8,48
161,9,51
161,10,56
161,11,61
161,12,58
161,13,52
161,14,50
161,15,50
161,16,44
161,17,49
161,18,44
161,19,39
161,20,43
161,21,45
161,22,37
161,23,37
161,24,38
161,25,37
161,26,39
161,27,39
161,28,35
161,29,33
161,30,31
161,31,37
161,32,38
161,33,38
161,34,35
161,35,38
161,36,38
161,37,36
161,38,37
161,39,36
162,0,39
162,1,40
162,2,43
162,3,41
162,4,39
162,5,45
162,6,53
162,7,55
162,8,47
162,9,44
162,10,56
162,11,56
162,12,53
162,13,44
162,14,41
162,15,49
162,16,46
162,17,45
162,18,44
162,19,40
162,20,42
162,21,39
162,22,39
162,23,37
162,24,34
162,25,31
162,26,37
162,27,37
162,28,34
162,29,35
162,30,31
162,31,34
162,32,38
162,33,36
162,34,36
162,35,37
162,36,35
162,37,34
162,38,32
162,39,31
163,0,39
163,1,41
163,2,37
163,3,30
163,4,42
163,5,45
163,6,45
163,7,39
163,8,43
163,9,44
163,10,53
163,11,53
163,12,51
163,13,41
163,14,38
163,15,47
163,16,41
163,17,41
163,18,41
163,19,37
163,20,39
163,21,39
163,22,36
163,23,34
163,24,36
163,25,30
163,26,33
163,27,32
163,28,35
163,29,34
163,30,34
163,31,33
163,32,33
163,33,35
163,34,34
163,35,32
163,36,34
163,37,29
163,38,31
163,39,27
164,0,37
164,1,37
164,2,35
164,3,31
164,4,28
164,5,37
164,6,44
164,7,43
164,8,39
164,9,47
164,10,50
164,11,49
164,12,51
164,13,45
164,14,44
164,15,45
164,16,41
164,17,43
164,18,43
164,19,42
164,20,41
164,21,38
164,22,36
164,23,35
164,24,31
164,25,28
164,26,33
164,27,30
164,28,32
164,29,32
164,30,31
164,31,33
164,32,30
164,33,31
164,34,33
164,35,33
164,36,30
164,37,29
164,38,28
164,39,28
165,0,28
165,1,41
165,2,36
165,3,35
165,4,35
165,5,38
165,6,43
165,7,46
165,8,44
165,9,46
165,10,49
165,11,48
165,12,47
165,13,40
165,14,40
165,15,46
165,16,36
165,17,35
165,18,38
165,19,33
165,20,36
165,21,33
165,22,30
165,23,33
165,24,35
165,25,33
165,26,33
165,27,31
165,28,31
165,29,31
165,30,31
165,31,33
165,32,34
165,33,33
165,34,32
165,35,31
165,36,29
165,37,29
165,38,26
165,39,26
166,0,38
166,1,42
166,2,39
166,3,32
166,4,33
166,5,40
166,6,41
166,7,38
166,8,40
166,9,41
166,10,44
166,11,36
166,12,42
166,13,35
166,14,33
166,15,29
166,16,43
166,17,42
166,18,36
166,19,28
166,20,34
166,21,33
166,22,29
166,23,29
166,24,29
166,25,29
166,26,31
166,27,26
166,28,26
166,29,27
166,30,29
166,31,32
166,32,31
166,33,26
166,34,31
166,35,27
166,36,25
166,37,25
166,38,26
166,39,26
167,0,40
167,1,37
167,2,30
167,3,21
167,4,22
167,5,35
167,6,43
167,7,40
167,8,39
167,9,38
167,10,40
167,11,43
167,12,43
167,13,36
167,14,29
167,15,36
167,16,37
167,17,38
167,18,34
167,19,30
167,20,30
167,21,31
167,22,28
167,23,29
167,24,25
167,25,21
167,26,31
167,27,26
167,28,27
167,29,26
167,30,24
167,31,25
167,32,22
167,33,25
167,34,27
167,35,23
167,36,25
167,37,26
167,38,23
167,39,21
168,0,33
168,1,34
168,2,34
168,3,26
168,4,33
168,5,36
168,6,43
168,7,40
168,8,42
168,9,39
168,10,39
168,11,42
168,12,40
168,13,30
168,14,29
168,15,39
168,16,36
168,17,33
168,18,33
168,19,31
168,20,28
168,21,27
168,22,30
168,23,28
168,24,24
168,25,29
168,26,28
168,27,29
168,28,25
168,29,27
168,30,27
168,31,29
168,32,30
168,33,27
168,34,26
168,35,24
168,36,21
168,37,23
168,38,20
168,39,21
169,0,34
169,1,19
169,2,32
169,3,25
169,4,30
169,5,27
169,6,38
169,7,36
169,8,39
169,9,33
169,10,41
169,11,41
169,12,38
169,13,25
169,14,30
169,15,30
169,16,34
169,17,34
169,18,30
169,19,29
169,20,32
169,21,28
169,22,29
169,23,30
169,24,26
169,25,23
169,26,27
169,27,26
169,28,28
169,29,27
169,30,26
169,31,26
169,32,23
169,33,26
169,34,22
169,35,19
169,36,24
169,37,25
169,38,22
169,39,22
170,0,28
170,1,34
170,2,37
170,3,31
170,4,31
170,5,32
170,6,37
170,7,39
170,8,33
170,9,35
170,10,35
170,11,34
170,12,39
170,13,32
170,14,32
170,15,30
170,16,32
170,17,32
170,18,27
170,19,27
170,20,28
170,21,28
170,22,21
170,23,25
170,24,27
170,25,27
170,26,26
170,27,25
170,28,24
170,29,26
170,30,26
170,31,27
170,32,24
170,33,25
170,34,23
170,35,20
170,36,20
170,37,23
170,38,21
170,39,21
171,0,33
171,1,31
171,2,28
171,3,19
171,4,31
171,5,26
171,6,29
171,7,32
171,8,35
171,9,34
171,10,40
171,11,32
171,12,36
171,13,34
171,14,31
171,15,31
171,16,30
171,17,31
171,18,25
171,19,26
171,20,27
171,21,26
171,22,21
171,23,24
171,24,26
171,25,23
171,26,24
171,27,22
171,28,20
171,29,24
171,30,25
171,31,25
171,32,25
171,33,24
171,34,25
171,35,24
171,36,24
171,37,23
171,38,22
171,39,22
172,0,38
172,1,37
172,2,25
172,3,5
172,4,15
172,5,32
172,6,28
172,7,31
172,8,33
172,9,30
172,10,35
172,11,34
172,12,35
172,13,30
172,14,29
172,15,31
172,16,30
172,17,31
172,18,23
172,19,24
172,20,25
172,21,25
172,22,26
172,23,23
172,24,21
172,25,21
172,26,23
172,27,25
172,28,22
172,29,22
172,30,23
172,31,26
172,32,22
172,33,25
172,34,24
172,35,21
172,36,22
172,37,20
172,38,23
172,39,19
173,0,30
173,1,31
173,2,33
173,3,23
173,4,27
173,5,28
173,6,31
173,7,25
173,8,34
173,9,35
173,10,30
173,11,34
173,12,38
173,13,31
173,14,27
173,15,26
173,16,28
173,17,26
173,18,30
173,19,27
173,20,25
173,21,26
173,22,24
173,23,24
173,24,27
173,25,25
173,26,20
173,27,20
173,28,23
173,29,22
173,30,22
173,31,22
173,32,19
173,33,22
173,34,23
173,35,19
173,36,20
173,37,20
173,38,20
173,39,19
174,0,33
174,1,19
174,2,19
174,3,24
174,4,25
174,5,24
174,6,32
174,7,29
174,8,23
174,9,28
174,10,33
174,11,31
174,12,29
174,13,28
174,14,29
174,15,28
174,16,26
174,17,28
174,18,21
174,19,23
174,20,24
174,21,22
174,22,26
174,23,20
174,24,24
174,25,23
174,26,22
174,27,24
174,28,21
174,29,20
174,30,21
174,31,18
174,32,21
174,33,19
174,34,24
174,35,22
174,36,20
174,37,21
174,38,22
174,39,22
175,0,27
175,1,33
175,2,26
175,3,27
175,4,24
175,5,25
175,6,28
175,7,26
175,8,26
175,9,13
175,10,30
175,11,35
175,12,32
175,13,25
175,14,28
175,15,27
175,16,26
175,17,22
175,18,21
175,19,21
175,20,24
175,21,25
175,22,25
175,23,24
175,24,21
175,25,24
175,26,21
175,27,21
175,28,22
175,29,21
175,30,19
175,31,25
175,32,21
175,33,20
175,34,21
175,35,21
175,36,27
175,37,24
175,38,20
175,39,21
176,0,25
176,1,34
176,2,29
176,3,15
176,4,20
176,5,25
176,6,31
176,7,23
176,8,26
176,9,27
176,10,28
176,11,30
176,12,30
176,13,19
176,14,22
176,15,28
176,16,29
176,17,28
176,18,21
176,19,21
176,20,24
176,21,27
176,22,22
176,23,17
176,24,21
176,25,22
176,26,24
176,27,19
176,28,20
176,29,19
176,30,21
176,31,22
176,32,22
176,33,23
176,34,25
176,35,22
176,36,22
176,37,23
176,38,24
176,39,18
177,0,33
177,1,36
177,2,23
177,3,27
177,4,26
177,5,26
177,6,32
177,7,25
177,8,25
177,9,21
177,10,31
177,11,25
177,12,26
177,13,25
177,14,26
177,15,28
177,16,23
177,17,24
177,18,19
177,19,24
177,20,21
177,21,22
177,22,20
177,23,22
177,24,24
177,25,22
177,26,23
177,27,24
177,28,22
177,29,20
177,30,22
177,31,26
177,32,22
177,33,21
177,34,21
177,35,23
177,36,22
177,37,22
177,38,22
177,39,20
178,0,28
178,1,33
178,2,33
178,3,16
178,4,17
178,5,21
178,6,34
178,7,32
178,8,25
178,9,22
178,10,30
178,11,31
178,12,30
178,13,18
178,14,23
178,15,28
178,16,19
178,17,27
178,18,26
178,19,24
178,20,19
178,21,24
178,22,21
178,23,25
178,24,29
178,25,30
178,26,27
178,27,27
178,28,24
178,29,25
178,30,27
178,31,26
178,32,24
178,33,27
178,34,25
178,35,26
178,36,27
178,37,25
178,38,24
178,39,26
179,0,36
179,1,28
179,2,21
179,3,19
179,4,16
179,5,33
179,6,35
179,7,34
179,8,26
179,9,30
179,10,41
179,11,40
179,12,38
179,13,29
179,14,28
179,15,29
179,16,30
179,17,27
179,18,31
179,19,31
179,20,30
179,21,36
179,22,30
179,23,34
179,24,30
179,25,37
179,26,35
179,27,33
179,28,31
179,29,31
179,30,37
179,31,39
179,32,38
179,33,36
179,34,38
179,35,36
179,36,35
179,37,37
179,38,36
179,39,36
180,0,35
180,1,38
180,2,37
180,3,37
180,4,32
180,5,42
180,6,46
180,7,42
180,8,35
180,9,40
180,10,45
180,11,48
180,12,44
180,13,36
180,14,35
180,15,25
180,16,30
180,17,34
180,18,33
180,19,37
180,20,36
180,21,40
180,22,37
180,23,37
180,24,32
180,25,36
180,26,37
180,27,34
180,28,30
180,29,36
180,30,37
180,31,35
180,32,35
180,33,38
180,34,35
180,35,38
180,36,35
180,37,36
180,38,37
180,39,34
181,0,34
181,1,32
181,2,35
181,3,41
181,4,31
181,5,40
181,6,45
181,7,44
181,8,37
181,9,35
181,10,45
181,11,42
181,12,40
181,13,27
181,14,30
181,15,29
181,16,28
181,17,31
181,18,31
181,19,33
181,20,32
181,21,37
181,22,34
181,23,33
181,24,28
181,25,34
181,26,37
181,27,35
181,28,29
181,29,33
181,30,32
181,31,35
181,32,34
181,33,33
181,34,32
181,35,32
181,36,32
181,37,32
181,38,31
181,39,32
182,0,33
182,1,29
182,2,31
182,3,41
182,4,39
182,5,33
182,6,30
182,7,24
182,8,33
182,9,26
182,10,34
182,11,36
182,12,37
182,13,31
182,14,23
182,15,34
182,16,31
182,17,28
182,18,24
182,19,27
182,20,32
182,21,35
182,22,32
182,23,36
182,24,26
182,25,31
182,26,37
182,27,30
182,28,27
182,29,29
182,30,31
182,31,31
182,32,29
182,33,31
182,34,32
182,35,27
182,36,31
182,37,30
182,38,30
182,39,29
183,0,37
183,1,34
183,2,29
183,3,38
183,4,27
183,5,14
183,6,29
183,7,27
183,8,33
183,9,38
183,10,39
183,11,34
183,12,38
183,13,33
183,14,25
183,15,25
183,16,19
183,17,20
183,18,30
183,19,27
183,20,28
183,21,33
183,22,34
183,23,30
183,24,31
183,25,32
183,26,30
183,27,32
183,28,33
183,29,32
183,30,32
183,31,32
183,32,28
183,33,29
183,34,32
183,35,29
183,36,28
183,37,29
183,38,28
183,39,27
184,0,28
184,1,36
184,2,33
184,3,37
184,4,17
184,5,31
184,6,33
184,7,30
184,8,31
184,9,35
184,10,39
184,11,35
184,12,34
184,13,23
184,14,26
184,15,25
184,16,32
184,17,28
184,18,30
184,19,28
184,20,28
184,21,27
184,22,27
184,23,30
184,24,28
184,25,31
184,26,32
184,27,25
184,28,26
184,29,30
184,30,28
184,31,28
184,32,28
184,33,29
184,34,28
184,35,27
184,36,30
184,37,26
184,38,25
184,39,26
185,0,34
185,1,41
185,2,35
185,3,30
185,4,29
185,5,35
185,6,35
185,7,33
185,8,28
185,9,29
185,10,36
185,11,31
185,12,30
185,13,23
185,14,31
185,15,30
185,16,27
185,17,24
185,18,25
185,19,27
185,20,25
185,21,27
185,22,31
185,23,29
185,24,25
185,25,30
185,26,28
185,27,29
185,28,28
185,29,26
185,30,26
185,31,27
185,32,24
185,33,26
185,34,25
185,35,27
185,36,27
185,37,27
185,38,26
185,39,23
186,0,30
186,1,38
186,2,28
186,3,23
186,4,33
186,5,36
186,6,29
186,7,26
186,8,33
186,9,29
186,10,29
186,11,29
186,12,29
186,13,26
186,14,27
186,15,29
186,16,32
186,17,26
186,18,28
186,19,33
186,20,31
186,21,27
186,22,30
186,23,28
186,24,30
186,25,27
186,26,27
186,27,22
186,28,26
186,29,24
186,30,25
186,31,25
186,32,26
186,33,26
186,34,26
186,35,26
186,36,24
186,37,24
186,38,24
186,39,25
187,0,36
187,1,32
187,2,24
187,3,26
187,4,25
187,5,34
187,6,35
187,7,32
187,8,33
187,9,30
187,10,31
187,11,31
187,12,31
187,13,23
187,14,30
187,15,30
187,16,23
187,17,24
187,18,30
187,19,26
187,20,25
187,21,23
187,22,29
187,23,28
187,24,22
187,25,29
187,26,29
187,27,28
187,28,22
187,29,24
187,30,25
187,31,27
187,32,26
187,33,26
187,34,27
187,35,26
187,36,24
187,37,26
187,38,25
187,39,23
188,0,27
188,1,23
188,2,23
188,3,32
188,4,30
188,5,27
188,6,23
188,7,27
188,8,31
188,9,31
188,10,28
188,11,28
188,12,29
188,13,26
188,14,23
188,15,19
188,16,18
188,17,23
188,18,21
188,19,24
188,20,26
188,21,29
188,22,27
188,23,27
188,24,23
188,25,26
188,26,24
188,27,24
188,28,21
188,29,26
188,30,26
188,31,24
188,32,27
188,33,30
188,34,26
188,35,24
188,36,21
188,37,21
188,38,24
188,39,23
189,0,34
189,1,36
189,2,28
189,3,29
189,4,24
189,5,25
189,6,32
189,7,36
189,8,32
189,9,31
189,10,21
189,11,29
189,12,29
189,13,22
189,14,21
189,15,15
189,16,24
189,17,23
189,18,21
189,19,22
189,20,25
189,21,25
189,22,26
189,23,25
189,24,25
189,25,22
189,26,26
189,27,23
189,28,23
189,29,25
189,30,23
189,31,27
189,32,27
189,33,23
189,34,22
189,35,24
189,36,25
189,37,23
189,38,24
189,39,25
190,0,29
190,1,36
190,2,26
190,3,24
190,4,20
190,5,17
190,6,24
190,7,28
190,8,26
190,9,23
190,10,34
190,11,29
190,12,29
190,13,19
190,14,22
190,15,24
190,16,25
190,17,29
190,18,26
190,19,26
190,20,25
190,21,24
190,22,20
190,23,20
190,24,21
190,25,24
190,26,23
190,27,23
190,28,23
190,29,23
190,30,25
190,31,23
190,32,24
190,33,25
190,34,24
190,35,25
190,36,26
190,37,20
190,38,20
190,39,22
191,0,21
191,1,36
191,2,28
191,3,26
191,4,28
191,5,28
191,6,30
191,7,24
191,8,19
191,9,18
191,10,18
191,11,20
191,12,30
191,13,26
191,14,22
191,15,22
191,16,26
191,17,22
191,18,25
191,19,24
191,20,24
191,21,26
191,22,23
191,23,23
191,24,25
191,25,27
191,26,24
191,27,24
191,28,21
191,29,20
191,30,20
191,31,24
191,32,26
191,33,24
191,34,23
191,35,24
191,36,23
191,37,20
191,38,22
191,39,23
192,0,28
192,1,28
192,2,17
192,3,29
192,4,28
192,5,27
192,6,31
192,7,28
192,8,26
192,9,25
192,10,26
192,11,26
192,12,29
192,13,25
192,14,24
192,15,26
192,16,22
192,17,25
192,18,25
192,19,21
192,20,24
192,21,25
192,22,28
192,23,23
192,24,23
192,25,29
192,26,27
192,27,22
192,28,21
192,29,19
192,30,20
192,31,22
192,32,24
192,33,22
192,34,21
192,35,25
192,36,22
192,37,21
192,38,23
192,39,21
193,0,25
193,1,24
193,2,22
193,3,19
193,4,20
193,5,26
193,6,23
193,7,25
193,8,23
193,9,27
193,10,30
193,11,30
193,12,27
193,13,26
193,14,24
193,15,24
193,16,26
193,17,25
193,18,22
193,19,24
193,20,20
193,21,22
193,22,24
193,23,21
193,24,22
193,25,25
193,26,23
193,27,18
193,28,24
193,29,21
193,30,19
193,31,22
193,32,22
193,33,19
193,34,18
193,35,23
193,36,22
193,37,21
193,38,21
193,39,22
194,0,25
194,1,26
194,2,24
194,3,21
194,4,23
194,5,28
194,6,25
194,7,25
194,8,19
194,9,16
194,10,23
194,11,26
194,12,19
194,13,25
194,14,18
194,15,20
194,16,26
194,17,21
194,18,22
194,19,27
194,20,23
194,21,26
194,22,21
194,23,27
194,24,20
194,25,22
194,26,20
194,27,20
194,28,22
194,29,20
194,30,22
194,31,21
194,32,22
194,33,25
194,34,25
194,35,22
194,36,22
194,37,21
194,38,19
194,39,19
195,0,30
195,1,33
195,2,27
195,3,22
195,4,21
195,5,25
195,6,31
195,7,22
195,8,23
195,9,17
195,10,28
195,11,21
195,12,24
195,13,28
195,14,22
195,15,24
195,16,26
195,17,27
195,18,28
195,19,27
195,20,23
195,21,28
195,22,22
195,23,22
195,24,17
195,25,20
195,26,22
195,27,22
195,28,21
195,29,21
195,30,21
195,31,21
195,32,22
195,33,23
195,34,21
195,35,22
195,36,22
195,37,23
195,38,23
195,39,22
196,0,30
196,1,29
196,2,16
196,3,19
196,4,20
196,5,25
196,6,19
196,7,25
196,8,22
196,9,21
196,10,27
196,11,25
196,12,30
196,13,28
196,14,23
196,15,24
196,16,25
196,17,26
196,18,26
196,19,27
196,20,20
196,21,22
196,22,23
196,23,26
196,24,19
196,25,24
196,26,24
196,27,22
196,28,28
196,29,25
196,30,20
196,31,21
196,32,21
196,33,25
196,34,23
196,35,22
196,36,22
196,37,22
196,38,20
196,39,19
197,0,32
197,1,30
197,2,33
197,3,33
197,4,36
197,5,40
197,6,43
197,7,44
197,8,43
197,9,44
197,10,41
197,11,44
197,12,47
197,13,45
197,14,49
197,15,47
197,16,40
197,17,41
197,18,43
197,19,36
197,20,34
197,21,39
197,22,35
197,23,37
197,24,35
197,25,35
197,26,32
197,27,22
197,28,27
197,29,32
197,30,30
197,31,28
197,32,33
197,33,33
197,34,33
197,35,34
197,36,31
197,37,32
197,38,34
197,39,31
198,0,31
198,1,30
198,2,41
198,3,43
198,4,46
198,5,52
198,6,54
198,7,57
198,8,47
198,9,54
198,10,55
198,11,59
198,12,61
198,13,54
198,14,55
198,15,53
198,16,54
198,17,52
198,18,56
198,19,51
198,20,52
198,21,49
198,22,44
198,23,47
198,24,43
198,25,35
198,26,39
198,27,38
198,28,35
198,29,34
198,30,36
198,31,37
198,32,43
198,33,39
198,34,38
198,35,36
198,36,35
198,37,37
198,38,37
198,39,36
199,0,41
199,1,40
199,2,43
199,3,41
199,4,43
199,5,41
199,6,48
199,7,59
199,8,54
199,9,55
199,10,58
199,11,57
199,12,56
199,13,51
199,14,55
199,15,56
199,16,54
199,17,53
199,18,47
199,19,47
199,20,44
199,21,47
199,22,40
199,23,41
199,24,41
199,25,35
199,26,37
199,27,30
199,28,32
199,29,34
199,30,34
199,31,36
199,32,39
199,33,36
199,34,33
199,35,32
199,36,36
199,37,35
199,38,34
199,39,33
