id,n,magnitude
0,0,20
0,1,15
0,2,11
0,3,13
0,4,5
0,5,8
0,6,11
0,7,16
0,8,18
0,9,9
0,10,9
0,11,9
0,12,9
0,13,13
0,14,12
0,15,15
0,16,12
0,17,10
0,18,10
0,19,11
0,20,11
0,21,10
0,22,9
0,23,11
0,24,10
0,25,8
0,26,11
0,27,9
0,28,9
0,29,12
0,30,11
0,31,11
0,32,10
0,33,10
0,34,10
0,35,8
0,36,8
0,37,10
0,38,9
0,39,9
1,0,16
1,1,9
1,2,12
1,3,10
1,4,13
1,5,10
1,6,10
1,7,14
1,8,17
1,9,14
1,10,13
1,11,12
1,12,7
1,13,9
1,14,12
1,15,14
1,16,5
1,17,10
1,18,11
1,19,12
1,20,11
1,21,11
1,22,10
1,23,12
1,24,9
1,25,10
1,26,8
1,27,11
1,28,9
1,29,10
1,30,9
1,31,9
1,32,11
1,33,10
1,34,10
1,35,10
1,36,10
1,37,8
1,38,8
1,39,9
2,0,14
2,1,14
2,2,14
2,3,10
2,4,10
2,5,7
2,6,11
2,7,13
2,8,17
2,9,12
2,10,8
2,11,13
2,12,13
2,13,13
2,14,11
2,15,13
2,16,10
2,17,11
2,18,10
2,19,9
2,20,11
2,21,11
2,22,12
2,23,11
2,24,11
2,25,11
2,26,10
2,27,10
2,28,9
2,29,10
2,30,9
2,31,9
2,32,9
2,33,10
2,34,10
2,35,10
2,36,10
2,37,10
2,38,10
2,39,10
3,0,17
3,1,13
3,2,13
3,3,11
3,4,14
3,5,19
3,6,21
3,7,18
3,8,17
3,9,10
3,10,12
3,11,11
3,12,9
3,13,11
3,14,11
3,15,11
3,16,10
3,17,11
3,18,9
3,19,11
3,20,10
3,21,11
3,22,12
3,23,12
3,24,11
3,25,10
3,26,10
3,27,10
3,28,11
3,29,11
3,30,10
3,31,10
3,32,10
3,33,9
3,34,8
3,35,10
3,36,8
3,37,9
3,38,9
3,39,9
4,0,17
4,1,16
4,2,15
4,3,10
4,4,13
4,5,19
4,6,19
4,7,15
4,8,16
4,9,14
4,10,12
4,11,11
4,12,9
4,13,8
4,14,10
4,15,11
4,16,10
4,17,12
4,18,10
4,19,10
4,20,11
4,21,9
4,22,10
4,23,9
4,24,10
4,25,10
4,26,11
4,27,9
4,28,11
4,29,11
4,30,10
4,31,8
4,32,8
4,33,10
4,34,10
4,35,10
4,36,9
4,37,10
4,38,10
4,39,10
5,0,19
5,1,16
5,2,15
5,3,11
5,4,12
5,5,19
5,6,18
5,7,17
5,8,17
5,9,12
5,10,14
5,11,13
5,12,13
5,13,11
5,14,11
5,15,13
5,16,11
5,17,13
5,18,9
5,19,11
5,20,9
5,21,9
5,22,11
5,23,11
5,24,10
5,25,11
5,26,10
5,27,10
5,28,7
5,29,9
5,30,10
5,31,12
5,32,10
5,33,10
5,34,9
5,35,10
5,36,10
5,37,9
5,38,9
5,39,10
6,0,10
6,1,14
6,2,11
6,3,11
6,4,13
6,5,19
6,6,20
6,7,15
6,8,17
6,9,13
6,10,9
6,11,12
6,12,10
6,13,11
6,14,11
6,15,11
6,16,11
6,17,11
6,18,12
6,19,10
6,20,7
6,21,9
6,22,11
6,23,12
6,24,10
6,25,9
6,26,10
6,27,9
6,28,10
6,29,11
6,30,11
6,31,9
6,32,9
6,33,10
6,34,11
6,35,10
6,36,9
6,37,9
6,38,9
6,39,8
7,0,16
7,1,14
7,2,17
7,3,14
7,4,15
7,5,18
7,6,20
7,7,16
7,8,17
7,9,12
7,10,7
7,11,6
7,12,7
7,13,10
7,14,11
7,15,11
7,16,9
7,17,12
7,18,13
7,19,12
7,20,11
7,21,9
7,22,12
7,23,11
7,24,9
7,25,10
7,26,9
7,27,8
7,28,9
7,29,8
7,30,8
7,31,10
7,32,9
7,33,10
7,34,9
7,35,9
7,36,10
7,37,9
7,38,10
7,39,10
8,0,19
8,1,16
8,2,14
8,3,12
8,4,12
8,5,16
8,6,14
8,7,9
8,8,14
8,9,12
8,10,14
8,11,11
8,12,10
8,13,11
8,14,10
8,15,12
8,16,11
8,17,9
8,18,9
8,19,10
8,20,9
8,21,7
8,22,10
8,23,10
8,24,10
8,25,8
8,26,9
8,27,10
8,28,8
8,29,9
8,30,8
8,31,8
8,32,8
8,33,11
8,34,9
8,35,8
8,36,8
8,37,9
8,38,10
8,39,9
9,0,21
9,1,16
9,2,14
9,3,12
9,4,13
9,5,13
9,6,13
9,7,15
9,8,16
9,9,12
9,10,11
9,11,10
9,12,13
9,13,9
9,14,9
9,15,10
9,16,9
9,17,13
9,18,10
9,19,8
9,20,9
9,21,11
9,22,10
9,23,10
9,24,10
9,25,10
9,26,10
9,27,10
9,28,10
9,29,10
9,30,9
9,31,9
9,32,11
9,33,11
9,34,10
9,35,10
9,36,8
9,37,9
9,38,9
9,39,9
10,0,16
10,1,9
10,2,13
10,3,13
10,4,12
10,5,14
10,6,15
10,7,11
10,8,16
10,9,11
10,10,11
10,11,10
10,12,12
10,13,10
10,14,10
10,15,11
10,16,9
10,17,10
10,18,7
10,19,11
10,20,11
10,21,9
10,22,10
10,23,9
10,24,12
10,25,11
10,26,11
10,27,10
10,28,10
10,29,10
10,30,9
10,31,9
10,32,9
10,33,9
10,34,9
10,35,9
10,36,10
10,37,10
10,38,9
10,39,9
11,0,15
11,1,16
11,2,16
11,3,14
11,4,11
11,5,15
11,6,15
11,7,16
11,8,15
11,9,10
11,10,12
11,11,13
11,12,14
11,13,12
11,14,9
11,15,10
11,16,10
11,17,10
11,18,10
11,19,11
11,20,11
11,21,9
11,22,10
11,23,9
11,24,9
11,25,11
11,26,11
11,27,10
11,28,10
11,29,9
11,30,11
11,31,8
11,32,10
11,33,10
11,34,10
11,35,9
11,36,10
11,37,10
11,38,9
11,39,10
12,0,18
12,1,17
12,2,15
12,3,12
12,4,12
12,5,6
12,6,9
12,7,12
12,8,17
12,9,11
12,10,12
12,11,11
12,12,11
12,13,12
12,14,10
12,15,12
12,16,12
12,17,11
12,18,10
12,19,10
12,20,12
12,21,10
12,22,10
12,23,10
12,24,11
12,25,10
12,26,11
12,27,12
12,28,11
12,29,12
12,30,10
12,31,10
12,32,9
12,33,9
12,34,9
12,35,8
12,36,7
12,37,9
12,38,9
12,39,9
13,0,19
13,1,16
13,2,14
13,3,13
13,4,8
13,5,11
13,6,15
13,7,17
13,8,17
13,9,9
13,10,9
13,11,9
13,12,12
13,13,12
13,14,11
13,15,13
13,16,11
13,17,11
13,18,10
13,19,10
13,20,11
13,21,12
13,22,10
13,23,10
13,24,10
13,25,11
13,26,10
13,27,11
13,28,11
13,29,10
13,30,10
13,31,9
13,32,10
13,33,9
13,34,9
13,35,9
13,36,10
13,37,10
13,38,8
13,39,9
14,0,18
14,1,14
14,2,11
14,3,9
14,4,10
14,5,12
14,6,12
14,7,13
14,8,15
14,9,11
14,10,10
14,11,10
14,12,7
14,13,10
14,14,10
14,15,8
14,16,10
14,17,11
14,18,9
14,19,11
14,20,11
14,21,10
14,22,10
14,23,11
14,24,11
14,25,10
14,26,10
14,27,10
14,28,10
14,29,10
14,30,9
14,31,10
14,32,10
14,33,10
14,34,9
14,35,11
14,36,10
14,37,9
14,38,9
14,39,9
15,0,15
15,1,13
15,2,13
15,3,10
15,4,11
15,5,13
15,6,11
15,7,13
15,8,16
15,9,10
15,10,5
15,11,11
15,12,12
15,13,13
15,14,12
15,15,7
15,16,10
15,17,11
15,18,10
15,19,10
15,20,10
15,21,11
15,22,9
15,23,9
15,24,11
15,25,11
15,26,10
15,27,10
15,28,10
15,29,9
15,30,10
15,31,9
15,32,11
15,33,10
15,34,8
15,35,10
15,36,11
15,37,9
15,38,9
15,39,10
16,0,14
16,1,13
16,2,14
16,3,12
16,4,13
16,5,11
16,6,14
16,7,12
16,8,15
16,9,10
16,10,12
16,11,10
16,12,8
16,13,12
16,14,12
16,15,10
16,16,11
16,17,11
16,18,9
16,19,9
16,20,10
16,21,8
16,22,11
16,23,9
16,24,10
16,25,10
16,26,11
16,27,9
16,28,10
16,29,7
16,30,10
16,31,11
16,32,9
16,33,9
16,34,9
16,35,9
16,36,9
16,37,9
16,38,8
16,39,10
17,0,20
17,1,18
17,2,13
17,3,12
17,4,14
17,5,11
17,6,14
17,7,14
17,8,17
17,9,11
17,10,11
17,11,12
17,12,12
17,13,10
17,14,10
17,15,9
17,16,10
17,17,10
17,18,10
17,19,9
17,20,9
17,21,8
17,22,9
17,23,10
17,24,11
17,25,11
17,26,10
17,27,11
17,28,11
17,29,9
17,30,9
17,31,9
17,32,10
17,33,11
17,34,9
17,35,10
17,36,10
17,37,8
17,38,8
17,39,9
18,0,18
18,1,13
18,2,14
18,3,8
18,4,5
18,5,14
18,6,9
18,7,10
18,8,15
18,9,10
18,10,11
18,11,12
18,12,12
18,13,12
18,14,10
18,15,10
18,16,9
18,17,12
18,18,9
18,19,10
18,20,11
18,21,7
18,22,8
18,23,10
18,24,11
18,25,11
18,26,9
18,27,8
18,28,10
18,29,9
18,30,10
18,31,9
18,32,8
18,33,10
18,34,9
18,35,10
18,36,9
18,37,9
18,38,9
18,39,10
19,0,16
19,1,14
19,2,13
19,3,13
19,4,9
19,5,12
19,6,12
19,7,11
19,8,14
19,9,9
19,10,6
19,11,7
19,12,10
19,13,13
19,14,11
19,15,11
19,16,11
19,17,7
19,18,7
19,19,8
19,20,9
19,21,8
19,22,9
19,23,11
19,24,9
19,25,11
19,26,10
19,27,10
19,28,10
19,29,9
19,30,8
19,31,9
19,32,10
19,33,10
19,34,9
19,35,9
19,36,9
19,37,8
19,38,9
19,39,8
20,0,18
20,1,17
20,2,12
20,3,12
20,4,11
20,5,15
20,6,13
20,7,13
20,8,15
20,9,12
20,10,11
20,11,11
20,12,14
20,13,14
20,14,12
20,15,12
20,16,11
20,17,9
20,18,8
20,19,6
20,20,9
20,21,8
20,22,10
20,23,9
20,24,11
20,25,10
20,26,8
20,27,11
20,28,12
20,29,11
20,30,10
20,31,10
20,32,10
20,33,10
20,34,9
20,35,9
20,36,9
20,37,9
20,38,9
20,39,9
21,0,14
21,1,14
21,2,9
21,3,12
21,4,12
21,5,13
21,6,11
21,7,13
21,8,14
21,9,10
21,10,9
21,11,8
21,12,8
21,13,12
21,14,10
21,15,12
21,16,11
21,17,10
21,18,8
21,19,11
21,20,10
21,21,10
21,22,11
21,23,7
21,24,8
21,25,10
21,26,11
21,27,8
21,28,10
21,29,11
21,30,10
21,31,10
21,32,10
21,33,9
21,34,9
21,35,9
21,36,9
21,37,9
21,38,9
21,39,9
22,0,16
22,1,16
22,2,15
22,3,12
22,4,13
22,5,16
22,6,14
22,7,16
22,8,13
22,9,12
22,10,10
22,11,9
22,12,13
22,13,12
22,14,9
22,15,6
22,16,4
22,17,11
22,18,10
22,19,10
22,20,10
22,21,9
22,22,7
22,23,10
22,24,9
22,25,11
22,26,11
22,27,10
22,28,10
22,29,9
22,30,10
22,31,9
22,32,8
22,33,10
22,34,9
22,35,9
22,36,9
22,37,10
22,38,10
22,39,10
23,0,20
23,1,17
23,2,12
23,3,10
23,4,12
23,5,20
23,6,19
23,7,11
23,8,13
23,9,12
23,10,9
23,11,11
23,12,11
23,13,10
23,14,11
23,15,9
23,16,7
23,17,12
23,18,10
23,19,10
23,20,11
23,21,9
23,22,12
23,23,11
23,24,10
23,25,9
23,26,10
23,27,12
23,28,10
23,29,9
23,30,11
23,31,10
23,32,10
23,33,10
23,34,10
23,35,10
23,36,10
23,37,8
23,38,9
23,39,9
24,0,18
24,1,15
24,2,13
24,3,12
24,4,13
24,5,19
24,6,20
24,7,12
24,8,13
24,9,11
24,10,11
24,11,12
24,12,10
24,13,13
24,14,12
24,15,11
24,16,12
24,17,12
24,18,9
24,19,11
24,20,11
24,21,11
24,22,11
24,23,12
24,24,11
24,25,9
24,26,10
24,27,10
24,28,10
24,29,10
24,30,10
24,31,9
24,32,8
24,33,10
24,34,10
24,35,8
24,36,8
24,37,10
24,38,10
24,39,10
25,0,13
25,1,12
25,2,12
25,3,10
25,4,12
25,5,19
25,6,20
25,7,14
25,8,16
25,9,14
25,10,10
25,11,11
25,12,11
25,13,11
25,14,8
25,15,8
25,16,10
25,17,8
25,18,9
25,19,9
25,20,9
25,21,10
25,22,10
25,23,10
25,24,10
25,25,11
25,26,9
25,27,10
25,28,10
25,29,10
25,30,10
25,31,11
25,32,9
25,33,9
25,34,9
25,35,8
25,36,7
25,37,9
25,38,9
25,39,8
26,0,20
26,1,15
26,2,8
26,3,12
26,4,13
26,5,18
26,6,18
26,7,12
26,8,12
26,9,13
26,10,9
26,11,9
26,12,9
26,13,11
26,14,10
26,15,11
26,16,10
26,17,10
26,18,10
26,19,10
26,20,10
26,21,10
26,22,10
26,23,11
26,24,9
26,25,10
26,26,9
26,27,9
26,28,10
26,29,11
26,30,10
26,31,9
26,32,10
26,33,11
26,34,9
26,35,10
26,36,10
26,37,11
26,38,11
26,39,10
27,0,18
27,1,16
27,2,16
27,3,16
27,4,15
27,5,16
27,6,18
27,7,16
27,8,12
27,9,12
27,10,10
27,11,7
27,12,11
27,13,12
27,14,10
27,15,11
27,16,12
27,17,10
27,18,7
27,19,8
27,20,12
27,21,11
27,22,11
27,23,9
27,24,11
27,25,12
27,26,9
27,27,10
27,28,10
27,29,11
27,30,10
27,31,9
27,32,9
27,33,10
27,34,9
27,35,10
27,36,10
27,37,10
27,38,10
27,39,10
28,0,20
28,1,17
28,2,16
28,3,10
28,4,7
28,5,17
28,6,14
28,7,12
28,8,11
28,9,9
28,10,13
28,11,8
28,12,9
28,13,10
28,14,11
28,15,12
28,16,12
28,17,12
28,18,9
28,19,7
28,20,10
28,21,11
28,22,10
28,23,10
28,24,10
28,25,10
28,26,11
28,27,9
28,28,8
28,29,8
28,30,9
28,31,10
28,32,7
28,33,8
28,34,8
28,35,9
28,36,10
28,37,9
28,38,9
28,39,8
29,0,16
29,1,15
29,2,10
29,3,7
29,4,8
29,5,16
29,6,14
29,7,6
29,8,8
29,9,13
29,10,13
29,11,11
29,12,10
29,13,10
29,14,7
29,15,9
29,16,9
29,17,11
29,18,9
29,19,13
29,20,10
29,21,9
29,22,9
29,23,9
29,24,9
29,25,9
29,26,11
29,27,10
29,28,9
29,29,10
29,30,9
29,31,9
29,32,7
29,33,10
29,34,11
29,35,11
29,36,10
29,37,9
29,38,9
29,39,9
30,0,14
30,1,16
30,2,16
30,3,11
30,4,12
30,5,15
30,6,15
30,7,13
30,8,13
30,9,12
30,10,7
30,11,6
30,12,12
30,13,12
30,14,9
30,15,7
30,16,9
30,17,13
30,18,11
30,19,11
30,20,9
30,21,11
30,22,8
30,23,9
30,24,11
30,25,8
30,26,9
30,27,10
30,28,10
30,29,10
30,30,10
30,31,10
30,32,10
30,33,11
30,34,9
30,35,8
30,36,8
30,37,9
30,38,10
30,39,10
31,0,15
31,1,12
31,2,13
31,3,15
31,4,13
31,5,14
31,6,14
31,7,11
31,8,10
31,9,13
31,10,11
31,11,10
31,12,11
31,13,11
31,14,10
31,15,10
31,16,10
31,17,11
31,18,11
31,19,12
31,20,11
31,21,10
31,22,12
31,23,11
31,24,10
31,25,11
31,26,10
31,27,9
31,28,8
31,29,9
31,30,10
31,31,10
31,32,11
31,33,11
31,34,10
31,35,10
31,36,10
31,37,9
31,38,9
31,39,10
32,0,18
32,1,14
32,2,11
32,3,12
32,4,11
32,5,11
32,6,14
32,7,11
32,8,12
32,9,12
32,10,9
32,11,11
32,12,12
32,13,14
32,14,12
32,15,11
32,16,10
32,17,10
32,18,10
32,19,10
32,20,8
32,21,10
32,22,11
32,23,11
32,24,11
32,25,10
32,26,11
32,27,10
32,28,10
32,29,11
32,30,10
32,31,8
32,32,9
32,33,10
32,34,9
32,35,9
32,36,9
32,37,10
32,38,9
32,39,9
33,0,13
33,1,13
33,2,13
33,3,13
33,4,12
33,5,16
33,6,16
33,7,13
33,8,12
33,9,12
33,10,11
33,11,10
33,12,13
33,13,11
33,14,8
33,15,10
33,16,9
33,17,9
33,18,9
33,19,12
33,20,11
33,21,10
33,22,10
33,23,11
33,24,10
33,25,11
33,26,9
33,27,12
33,28,10
33,29,9
33,30,10
33,31,9
33,32,12
33,33,10
33,34,9
33,35,8
33,36,8
33,37,9
33,38,10
33,39,10
34,0,18
34,1,17
34,2,12
34,3,12
34,4,12
34,5,13
34,6,15
34,7,12
34,8,8
34,9,9
34,10,9
34,11,9
34,12,9
34,13,11
34,14,8
34,15,6
34,16,7
34,17,8
34,18,9
34,19,10
34,20,11
34,21,11
34,22,10
34,23,8
34,24,10
34,25,9
34,26,10
34,27,10
34,28,11
34,29,10
34,30,9
34,31,9
34,32,9
34,33,10
34,34,8
34,35,9
34,36,9
34,37,10
34,38,11
34,39,10
35,0,20
35,1,18
35,2,13
35,3,14
35,4,15
35,5,14
35,6,13
35,7,14
35,8,11
35,9,11
35,10,8
35,11,10
35,12,9
35,13,9
35,14,10
35,15,8
35,16,9
35,17,8
35,18,9
35,19,10
35,20,10
35,21,10
35,22,11
35,23,10
35,24,9
35,25,10
35,26,10
35,27,9
35,28,9
35,29,11
35,30,10
35,31,10
35,32,9
35,33,10
35,34,10
35,35,8
35,36,9
35,37,10
35,38,9
35,39,8
36,0,17
36,1,17
36,2,11
36,3,9
36,4,8
36,5,9
36,6,12
36,7,12
36,8,12
36,9,9
36,10,9
36,11,11
36,12,11
36,13,10
36,14,9
36,15,8
36,16,11
36,17,10
36,18,9
36,19,11
36,20,10
36,21,9
36,22,9
36,23,8
36,24,9
36,25,9
36,26,8
36,27,8
36,28,10
36,29,10
36,30,8
36,31,10
36,32,11
36,33,10
36,34,10
36,35,10
36,36,11
36,37,9
36,38,9
36,39,9
37,0,17
37,1,13
37,2,11
37,3,10
37,4,5
37,5,9
37,6,7
37,7,8
37,8,10
37,9,11
37,10,11
37,11,7
37,12,9
37,13,11
37,14,10
37,15,8
37,16,8
37,17,8
37,18,8
37,19,11
37,20,12
37,21,11
37,22,10
37,23,10
37,24,8
37,25,10
37,26,11
37,27,10
37,28,8
37,29,10
37,30,10
37,31,10
37,32,9
37,33,9
37,34,9
37,35,9
37,36,9
37,37,10
37,38,10
37,39,10
38,0,12
38,1,12
38,2,10
38,3,14
38,4,11
38,5,7
38,6,8
38,7,12
38,8,13
38,9,11
38,10,9
38,11,10
38,12,9
38,13,8
38,14,12
38,15,12
38,16,12
38,17,11
38,18,10
38,19,10
38,20,10
38,21,10
38,22,9
38,23,8
38,24,11
38,25,11
38,26,10
38,27,9
38,28,10
38,29,10
38,30,10
38,31,9
38,32,10
38,33,10
38,34,10
38,35,8
38,36,8
38,37,9
38,38,9
38,39,9
39,0,18
39,1,16
39,2,10
39,3,14
39,4,14
39,5,12
39,6,10
39,7,11
39,8,7
39,9,10
39,10,11
39,11,13
39,12,12
39,13,11
39,14,9
39,15,11
39,16,11
39,17,10
39,18,7
39,19,8
39,20,9
39,21,9
39,22,10
39,23,10
39,24,9
39,25,8
39,26,8
39,27,7
39,28,10
39,29,10
39,30,11
39,31,9
39,32,11
39,33,8
39,34,10
39,35,8
39,36,8
39,37,9
39,38,9
39,39,8
40,0,14
40,1,13
40,2,9
40,3,15
40,4,16
40,5,8
40,6,9
40,7,13
40,8,11
40,9,10
40,10,11
40,11,7
40,12,9
40,13,9
40,14,11
40,15,13
40,16,11
40,17,9
40,18,9
40,19,13
40,20,11
40,21,11
40,22,11
40,23,10
40,24,10
40,25,10
40,26,10
40,27,8
40,28,9
40,29,10
40,30,9
40,31,10
40,32,10
40,33,9
40,34,10
40,35,9
40,36,10
40,37,8
40,38,9
40,39,11
41,0,13
41,1,15
41,2,9
41,3,13
41,4,13
41,5,15
41,6,13
41,7,10
41,8,11
41,9,11
41,10,10
41,11,12
41,12,8
41,13,10
41,14,11
41,15,11
41,16,11
41,17,12
41,18,13
41,19,11
41,20,10
41,21,11
41,22,11
41,23,11
41,24,11
41,25,11
41,26,11
41,27,9
41,28,10
41,29,8
41,30,10
41,31,10
41,32,10
41,33,10
41,34,10
41,35,8
41,36,8
41,37,9
41,38,9
41,39,10
42,0,20
42,1,13
42,2,11
42,3,11
42,4,13
42,5,15
42,6,12
42,7,12
42,8,10
42,9,11
42,10,12
42,11,7
42,12,12
42,13,11
42,14,11
42,15,11
42,16,11
42,17,11
42,18,10
42,19,9
42,20,9
42,21,12
42,22,11
42,23,6
42,24,11
42,25,10
42,26,9
42,27,11
42,28,11
42,29,11
42,30,11
42,31,9
42,32,10
42,33,9
42,34,9
42,35,9
42,36,9
42,37,8
42,38,9
42,39,9
43,0,13
43,1,15
43,2,11
43,3,11
43,4,12
43,5,14
43,6,15
43,7,16
43,8,13
43,9,10
43,10,10
43,11,11
43,12,11
43,13,10
43,14,9
43,15,9
43,16,8
43,17,10
43,18,10
43,19,11
43,20,10
43,21,13
43,22,11
43,23,10
43,24,11
43,25,10
43,26,11
43,27,10
43,28,10
43,29,11
43,30,9
43,31,11
43,32,10
43,33,8
43,34,9
43,35,10
43,36,10
43,37,9
43,38,8
43,39,8
44,0,18
44,1,16
44,2,12
44,3,13
44,4,11
44,5,17
44,6,17
44,7,14
44,8,12
44,9,14
44,10,13
44,11,14
44,12,10
44,13,10
44,14,11
44,15,11
44,16,13
44,17,12
44,18,12
44,19,12
44,20,10
44,21,11
44,22,10
44,23,11
44,24,9
44,25,8
44,26,10
44,27,11
44,28,7
44,29,10
44,30,10
44,31,10
44,32,8
44,33,10
44,34,10
44,35,10
44,36,9
44,37,8
44,38,7
44,39,8
45,0,17
45,1,16
45,2,13
45,3,13
45,4,13
45,5,19
45,6,18
45,7,14
45,8,13
45,9,14
45,10,10
45,11,11
45,12,13
45,13,13
45,14,13
45,15,11
45,16,13
45,17,12
45,18,10
45,19,10
45,20,6
45,21,9
45,22,9
45,23,10
45,24,10
45,25,10
45,26,9
45,27,8
45,28,9
45,29,12
45,30,12
45,31,9
45,32,10
45,33,10
45,34,10
45,35,8
45,36,10
45,37,10
45,38,9
45,39,10
46,0,21
46,1,14
46,2,14
46,3,16
46,4,16
46,5,18
46,6,18
46,7,10
46,8,14
46,9,13
46,10,9
46,11,9
46,12,10
46,13,10
46,14,13
46,15,9
46,16,12
46,17,13
46,18,12
46,19,11
46,20,10
46,21,8
46,22,8
46,23,9
46,24,9
46,25,9
46,26,9
46,27,10
46,28,10
46,29,9
46,30,8
46,31,11
46,32,10
46,33,10
46,34,8
46,35,9
46,36,11
46,37,9
46,38,8
46,39,8
47,0,18
47,1,12
47,2,10
47,3,12
47,4,14
47,5,16
47,6,18
47,7,11
47,8,13
47,9,15
47,10,12
47,11,10
47,12,12
47,13,13
47,14,13
47,15,9
47,16,13
47,17,13
47,18,11
47,19,11
47,20,9
47,21,10
47,22,9
47,23,10
47,24,11
47,25,11
47,26,10
47,27,10
47,28,9
47,29,10
47,30,10
47,31,9
47,32,10
47,33,9
47,34,9
47,35,9
47,36,10
47,37,10
47,38,9
47,39,8
48,0,19
48,1,16
48,2,12
48,3,8
48,4,11
48,5,18
48,6,17
48,7,15
48,8,15
48,9,12
48,10,13
48,11,10
48,12,9
48,13,11
48,14,13
48,15,10
48,16,14
48,17,12
48,18,12
48,19,10
48,20,11
48,21,10
48,22,11
48,23,10
48,24,7
48,25,10
48,26,11
48,27,8
48,28,8
48,29,8
48,30,11
48,31,10
48,32,9
48,33,10
48,34,10
48,35,9
48,36,7
48,37,9
48,38,9
48,39,9
49,0,21
49,1,17
49,2,13
49,3,12
49,4,11
49,5,11
49,6,12
49,7,10
49,8,15
49,9,15
49,10,9
49,11,8
49,12,9
49,13,8
49,14,11
49,15,12
49,16,12
49,17,12
49,18,12
49,19,11
49,20,10
49,21,10
49,22,11
49,23,12
49,24,11
49,25,10
49,26,11
49,27,11
49,28,10
49,29,12
49,30,11
49,31,11
49,32,8
49,33,10
49,34,10
49,35,10
49,36,10
49,37,9
49,38,9
49,39,9
50,0,18
50,1,15
50,2,14
50,3,12
50,4,6
50,5,15
50,6,16
50,7,9
50,8,14
50,9,13
50,10,12
50,11,8
50,12,7
50,13,9
50,14,12
50,15,11
50,16,13
50,17,14
50,18,10
50,19,9
50,20,11
50,21,11
50,22,11
50,23,10
50,24,10
50,25,8
50,26,9
50,27,12
50,28,10
50,29,11
50,30,10
50,31,11
50,32,10
50,33,9
50,34,10
50,35,10
50,36,9
50,37,9
50,38,8
50,39,9
51,0,17
51,1,15
51,2,11
51,3,12
51,4,12
51,5,13
51,6,15
51,7,10
51,8,14
51,9,12
51,10,10
51,11,7
51,12,9
51,13,10
51,14,14
51,15,11
51,16,12
51,17,10
51,18,11
51,19,12
51,20,11
51,21,10
51,22,10
51,23,10
51,24,9
51,25,9
51,26,10
51,27,12
51,28,11
51,29,11
51,30,11
51,31,11
51,32,9
51,33,10
51,34,10
51,35,10
51,36,10
51,37,9
51,38,9
51,39,10
52,0,20
52,1,15
52,2,12
52,3,14
52,4,11
52,5,12
52,6,7
52,7,11
52,8,14
52,9,12
52,10,11
52,11,10
52,12,12
52,13,13
52,14,12
52,15,9
52,16,10
52,17,7
52,18,9
52,19,13
52,20,11
52,21,11
52,22,10
52,23,8
52,24,9
52,25,10
52,26,8
52,27,9
52,28,9
52,29,11
52,30,10
52,31,11
52,32,9
52,33,10
52,34,8
52,35,10
52,36,10
52,37,9
52,38,9
52,39,9
53,0,18
53,1,15
53,2,15
53,3,14
53,4,13
53,5,13
53,6,13
53,7,11
53,8,11
53,9,13
53,10,10
53,11,12
53,12,11
53,13,10
53,14,12
53,15,11
53,16,12
53,17,12
53,18,10
53,19,9
53,20,8
53,21,11
53,22,10
53,23,9
53,24,8
53,25,10
53,26,11
53,27,12
53,28,10
53,29,10
53,30,11
53,31,11
53,32,9
53,33,10
53,34,8
53,35,8
53,36,7
53,37,8
53,38,10
53,39,9
54,0,17
54,1,13
54,2,14
54,3,13
54,4,11
54,5,7
54,6,14
54,7,13
54,8,14
54,9,10
54,10,10
54,11,13
54,12,11
54,13,10
54,14,9
54,15,10
54,16,12
54,17,10
54,18,10
54,19,10
54,20,8
54,21,10
54,22,9
54,23,11
54,24,12
54,25,10
54,26,8
54,27,8
54,28,11
54,29,10
54,30,11
54,31,9
54,32,10
54,33,9
54,34,9
54,35,9
54,36,8
54,37,9
54,38,9
54,39,9
55,0,20
55,1,18
55,2,13
55,3,13
55,4,12
55,5,13
55,6,13
55,7,13
55,8,12
55,9,12
55,10,11
55,11,11
55,12,9
55,13,7
55,14,10
55,15,11
55,16,12
55,17,11
55,18,11
55,19,11
55,20,10
55,21,10
55,22,10
55,23,10
55,24,12
55,25,11
55,26,11
55,27,10
55,28,9
55,29,8
55,30,9
55,31,9
55,32,9
55,33,9
55,34,8
55,35,10
55,36,10
55,37,11
55,38,10
55,39,9
56,0,20
56,1,16
56,2,15
56,3,11
56,4,11
56,5,14
56,6,14
56,7,13
56,8,13
56,9,10
56,10,11
56,11,11
56,12,11
56,13,11
56,14,10
56,15,11
56,16,10
56,17,10
56,18,9
56,19,10
56,20,11
56,21,10
56,22,9
56,23,11
56,24,11
56,25,10
56,26,11
56,27,11
56,28,10
56,29,7
56,30,8
56,31,8
56,32,10
56,33,10
56,34,9
56,35,9
56,36,9
56,37,10
56,38,9
56,39,9
57,0,18
57,1,14
57,2,13
57,3,8
57,4,8
57,5,10
57,6,13
57,7,13
57,8,10
57,9,9
57,10,8
57,11,9
57,12,12
57,13,11
57,14,10
57,15,9
57,16,11
57,17,7
57,18,10
57,19,8
57,20,9
57,21,12
57,22,11
57,23,10
57,24,9
57,25,10
57,26,11
57,27,11
57,28,10
57,29,7
57,30,9
57,31,11
57,32,10
57,33,10
57,34,10
57,35,9
57,36,10
57,37,10
57,38,8
57,39,8
58,0,17
58,1,14
58,2,11
58,3,11
58,4,13
58,5,16
58,6,12
58,7,9
58,8,6
58,9,11
58,10,7
58,11,7
58,12,11
58,13,11
58,14,11
58,15,9
58,16,9
58,17,8
58,18,11
58,19,8
58,20,10
58,21,10
58,22,10
58,23,9
58,24,10
58,25,12
58,26,10
58,27,9
58,28,10
58,29,11
58,30,11
58,31,11
58,32,10
58,33,9
58,34,10
58,35,10
58,36,9
58,37,9
58,38,9
58,39,8
59,0,20
59,1,14
59,2,11
59,3,11
59,4,12
59,5,8
59,6,11
59,7,11
59,8,11
59,9,11
59,10,12
59,11,12
59,12,10
59,13,7
59,14,9
59,15,8
59,16,5
59,17,9
59,18,10
59,19,12
59,20,11
59,21,10
59,22,11
59,23,9
59,24,11
59,25,10
59,26,11
59,27,11
59,28,9
59,29,9
59,30,9
59,31,9
59,32,10
59,33,10
59,34,10
59,35,10
59,36,9
59,37,9
59,38,7
59,39,10
60,0,21
60,1,16
60,2,12
60,3,10
60,4,9
60,5,9
60,6,11
60,7,13
60,8,11
60,9,9
60,10,11
60,11,11
60,12,14
60,13,12
60,14,11
60,15,10
60,16,12
60,17,9
60,18,9
60,19,10
60,20,11
60,21,10
60,22,10
60,23,10
60,24,12
60,25,8
60,26,8
60,27,10
60,28,12
60,29,11
60,30,9
60,31,9
60,32,10
60,33,8
60,34,8
60,35,10
60,36,7
60,37,10
60,38,9
60,39,8
61,0,17
61,1,16
61,2,12
61,3,10
61,4,14
61,5,5
61,6,9
61,7,9
61,8,8
61,9,12
61,10,10
61,11,13
61,12,10
61,13,12
61,14,12
61,15,10
61,16,9
61,17,9
61,18,8
61,19,8
61,20,8
61,21,9
61,22,11
61,23,7
61,24,8
61,25,9
61,26,8
61,27,10
61,28,10
61,29,9
61,30,8
61,31,8
61,32,9
61,33,8
61,34,9
61,35,9
61,36,10
61,37,9
61,38,8
61,39,8
62,0,17
62,1,11
62,2,12
62,3,13
62,4,12
62,5,8
62,6,11
62,7,13
62,8,10
62,9,9
62,10,9
62,11,8
62,12,9
62,13,10
62,14,11
62,15,10
62,16,10
62,17,10
62,18,8
62,19,12
62,20,11
62,21,10
62,22,10
62,23,9
62,24,10
62,25,11
62,26,10
62,27,10
62,28,11
62,29,10
62,30,10
62,31,9
62,32,9
62,33,9
62,34,10
62,35,8
62,36,10
62,37,11
62,38,9
62,39,9
63,0,15
63,1,17
63,2,16
63,3,12
63,4,12
63,5,10
63,6,11
63,7,8
63,8,7
63,9,10
63,10,12
63,11,11
63,12,8
63,13,7
63,14,10
63,15,10
63,16,12
63,17,11
63,18,8
63,19,8
63,20,9
63,21,9
63,22,10
63,23,9
63,24,8
63,25,9
63,26,10
63,27,10
63,28,7
63,29,11
63,30,11
63,31,10
63,32,10
63,33,10
63,34,10
63,35,9
63,36,10
63,37,9
63,38,10
63,39,8
64,0,17
64,1,16
64,2,14
64,3,14
64,4,13
64,5,13
64,6,12
64,7,13
64,8,9
64,9,10
64,10,12
64,11,8
64,12,10
64,13,11
64,14,11
64,15,6
64,16,6
64,17,10
64,18,10
64,19,13
64,20,11
64,21,11
64,22,11
64,23,11
64,24,10
64,25,10
64,26,9
64,27,10
64,28,9
64,29,8
64,30,6
64,31,8
64,32,10
64,33,10
64,34,9
64,35,10
64,36,9
64,37,10
64,38,10
64,39,9
65,0,18
65,1,14
65,2,13
65,3,15
65,4,13
65,5,12
65,6,13
65,7,13
65,8,12
65,9,14
65,10,9
65,11,11
65,12,9
65,13,8
65,14,10
65,15,9
65,16,13
65,17,10
65,18,9
65,19,12
65,20,10
65,21,10
65,22,10
65,23,8
65,24,10
65,25,11
65,26,11
65,27,12
65,28,9
65,29,9
65,30,10
65,31,12
65,32,12
65,33,10
65,34,10
65,35,9
65,36,9
65,37,9
65,38,10
65,39,10
66,0,12
66,1,14
66,2,14
66,3,13
66,4,13
66,5,10
66,6,9
66,7,10
66,8,11
66,9,12
66,10,9
66,11,11
66,12,10
66,13,8
66,14,8
66,15,5
66,16,10
66,17,13
66,18,10
66,19,9
66,20,9
66,21,10
66,22,7
66,23,9
66,24,9
66,25,11
66,26,10
66,27,11
66,28,12
66,29,9
66,30,9
66,31,10
66,32,10
66,33,10
66,34,10
66,35,11
66,36,9
66,37,9
66,38,9
66,39,9
67,0,14
67,1,13
67,2,15
67,3,12
67,4,11
67,5,13
67,6,15
67,7,14
67,8,11
67,9,9
67,10,11
67,11,9
67,12,9
67,13,10
67,14,10
67,15,11
67,16,10
67,17,11
67,18,9
67,19,11
67,20,5
67,21,10
67,22,9
67,23,10
67,24,9
67,25,9
67,26,10
67,27,9
67,28,11
67,29,11
67,30,8
67,31,10
67,32,10
67,33,10
67,34,10
67,35,10
67,36,10
67,37,9
67,38,9
67,39,10
68,0,14
68,1,13
68,2,12
68,3,7
68,4,12
68,5,15
68,6,11
68,7,7
68,8,10
68,9,12
68,10,12
68,11,10
68,12,11
68,13,10
68,14,9
68,15,10
68,16,10
68,17,11
68,18,13
68,19,10
68,20,11
68,21,9
68,22,9
68,23,9
68,24,9
68,25,10
68,26,7
68,27,8
68,28,9
68,29,11
68,30,11
68,31,10
68,32,11
68,33,10
68,34,11
68,35,10
68,36,10
68,37,10
68,38,9
68,39,10
69,0,21
69,1,18
69,2,13
69,3,14
69,4,15
69,5,19
69,6,14
69,7,13
69,8,11
69,9,5
69,10,9
69,11,10
69,12,5
69,13,11
69,14,9
69,15,9
69,16,9
69,17,10
69,18,12
69,19,11
69,20,11
69,21,12
69,22,10
69,23,8
69,24,9
69,25,8
69,26,9
69,27,10
69,28,10
69,29,10
69,30,9
69,31,10
69,32,10
69,33,10
69,34,9
69,35,9
69,36,10
69,37,9
69,38,10
69,39,9
70,0,20
70,1,15
70,2,12
70,3,11
70,4,13
70,5,19
70,6,16
70,7,13
70,8,15
70,9,12
70,10,11
70,11,9
70,12,4
70,13,11
70,14,10
70,15,12
70,16,11
70,17,10
70,18,9
70,19,12
70,20,11
70,21,9
70,22,11
70,23,10
70,24,11
70,25,10
70,26,10
70,27,9
70,28,9
70,29,9
70,30,10
70,31,10
70,32,10
70,33,10
70,34,10
70,35,10
70,36,9
70,37,10
70,38,9
70,39,9
71,0,15
71,1,11
71,2,13
71,3,11
71,4,11
71,5,18
71,6,12
71,7,10
71,8,13
71,9,11
71,10,11
71,11,12
71,12,8
71,13,10
71,14,9
71,15,8
71,16,9
71,17,9
71,18,11
71,19,11
71,20,11
71,21,11
71,22,10
71,23,9
71,24,10
71,25,10
71,26,10
71,27,10
71,28,9
71,29,10
71,30,9
71,31,10
71,32,11
71,33,9
71,34,10
71,35,10
71,36,9
71,37,10
71,38,10
71,39,10
72,0,19
72,1,15
72,2,13
72,3,15
72,4,12
72,5,17
72,6,11
72,7,9
72,8,14
72,9,7
72,10,10
72,11,10
72,12,9
72,13,13
72,14,12
72,15,12
72,16,12
72,17,10
72,18,10
72,19,10
72,20,10
72,21,7
72,22,7
72,23,10
72,24,10
72,25,9
72,26,10
72,27,11
72,28,10
72,29,9
72,30,10
72,31,11
72,32,9
72,33,9
72,34,10
72,35,9
72,36,8
72,37,8
72,38,9
72,39,10
73,0,17
73,1,14
73,2,14
73,3,12
73,4,12
73,5,18
73,6,14
73,7,10
73,8,13
73,9,12
73,10,9
73,11,8
73,12,12
73,13,12
73,14,13
73,15,15
73,16,11
73,17,9
73,18,9
73,19,10
73,20,9
73,21,10
73,22,10
73,23,10
73,24,9
73,25,9
73,26,9
73,27,9
73,28,10
73,29,8
73,30,10
73,31,9
73,32,8
73,33,10
73,34,10
73,35,8
73,36,9
73,37,9
73,38,8
73,39,10
74,0,15
74,1,9
74,2,7
74,3,14
74,4,14
74,5,17
74,6,11
74,7,10
74,8,12
74,9,13
74,10,8
74,11,10
74,12,10
74,13,13
74,14,11
74,15,12
74,16,9
74,17,10
74,18,11
74,19,12
74,20,12
74,21,10
74,22,11
74,23,9
74,24,11
74,25,10
74,26,10
74,27,10
74,28,10
74,29,11
74,30,9
74,31,9
74,32,8
74,33,10
74,34,12
74,35,11
74,36,9
74,37,9
74,38,9
74,39,9
75,0,14
75,1,15
75,2,12
75,3,14
75,4,16
75,5,18
75,6,14
75,7,7
75,8,13
75,9,11
75,10,10
75,11,12
75,12,10
75,13,12
75,14,12
75,15,12
75,16,10
75,17,10
75,18,9
75,19,12
75,20,11
75,21,12
75,22,9
75,23,9
75,24,10
75,25,11
75,26,12
75,27,10
75,28,9
75,29,10
75,30,11
75,31,11
75,32,10
75,33,9
75,34,8
75,35,10
75,36,8
75,37,8
75,38,8
75,39,9
76,0,20
76,1,14
76,2,8
76,3,10
76,4,16
76,5,18
76,6,12
76,7,11
76,8,14
76,9,9
76,10,8
76,11,10
76,12,7
76,13,9
76,14,11
76,15,11
76,16,10
76,17,12
76,18,10
76,19,11
76,20,9
76,21,9
76,22,10
76,23,8
76,24,10
76,25,9
76,26,12
76,27,10
76,28,10
76,29,9
76,30,11
76,31,10
76,32,11
76,33,11
76,34,9
76,35,9
76,36,8
76,37,10
76,38,9
76,39,7
77,0,19
77,1,12
77,2,12
77,3,13
77,4,15
77,5,17
77,6,15
77,7,12
77,8,15
77,9,9
77,10,11
77,11,14
77,12,12
77,13,10
77,14,9
77,15,8
77,16,9
77,17,9
77,18,10
77,19,12
77,20,10
77,21,8
77,22,12
77,23,10
77,24,9
77,25,9
77,26,10
77,27,10
77,28,10
77,29,9
77,30,7
77,31,10
77,32,10
77,33,10
77,34,10
77,35,11
77,36,9
77,37,10
77,38,9
77,39,10
78,0,20
78,1,17
78,2,14
78,3,10
78,4,11
78,5,17
78,6,15
78,7,13
78,8,14
78,9,14
78,10,14
78,11,8
78,12,9
78,13,11
78,14,10
78,15,9
78,16,10
78,17,10
78,18,12
78,19,10
78,20,10
78,21,10
78,22,11
78,23,10
78,24,8
78,25,8
78,26,9
78,27,10
78,28,9
78,29,10
78,30,9
78,31,9
78,32,8
78,33,10
78,34,11
78,35,9
78,36,9
78,37,8
78,38,8
78,39,9
79,0,17
79,1,11
79,2,13
79,3,10
79,4,8
79,5,16
79,6,14
79,7,11
79,8,14
79,9,8
79,10,10
79,11,14
79,12,12
79,13,11
79,14,12
79,15,10
79,16,9
79,17,9
79,18,9
79,19,10
79,20,11
79,21,12
79,22,10
79,23,11
79,24,10
79,25,9
79,26,10
79,27,10
79,28,10
79,29,10
79,30,10
79,31,9
79,32,8
79,33,10
79,34,9
79,35,8
79,36,9
79,37,9
79,38,9
79,39,10
80,0,14
80,1,10
80,2,11
80,3,14
80,4,14
80,5,18
80,6,13
80,7,11
80,8,15
80,9,10
80,10,11
80,11,10
80,12,11
80,13,9
80,14,9
80,15,12
80,16,9
80,17,11
80,18,11
80,19,10
80,20,8
80,21,7
80,22,11
80,23,11
80,24,10
80,25,9
80,26,11
80,27,12
80,28,11
80,29,11
80,30,8
80,31,10
80,32,11
80,33,9
80,34,9
80,35,9
80,36,10
80,37,9
80,38,9
80,39,9
81,0,18
81,1,14
81,2,10
81,3,10
81,4,13
81,5,15
81,6,13
81,7,11
81,8,14
81,9,12
81,10,9
81,11,11
81,12,10
81,13,10
81,14,11
81,15,11
81,16,11
81,17,11
81,18,11
81,19,9
81,20,8
81,21,7
81,22,10
81,23,10
81,24,8
81,25,10
81,26,9
81,27,10
81,28,11
81,29,10
81,30,9
81,31,11
81,32,9
81,33,9
81,34,10
81,35,9
81,36,9
81,37,9
81,38,9
81,39,10
82,0,20
82,1,16
82,2,16
82,3,16
82,4,15
82,5,15
82,6,10
82,7,12
82,8,13
82,9,12
82,10,13
82,11,11
82,12,13
82,13,10
82,14,12
82,15,11
82,16,9
82,17,10
82,18,10
82,19,8
82,20,9
82,21,10
82,22,7
82,23,9
82,24,11
82,25,11
82,26,10
82,27,10
82,28,10
82,29,10
82,30,11
82,31,9
82,32,8
82,33,10
82,34,11
82,35,10
82,36,10
82,37,8
82,38,9
82,39,8
83,0,11
83,1,15
83,2,14
83,3,11
83,4,14
83,5,17
83,6,11
83,7,9
83,8,11
83,9,9
83,10,6
83,11,9
83,12,7
83,13,9
83,14,10
83,15,12
83,16,10
83,17,12
83,18,8
83,19,12
83,20,11
83,21,11
83,22,11
83,23,8
83,24,10
83,25,12
83,26,11
83,27,11
83,28,12
83,29,12
83,30,10
83,31,11
83,32,9
83,33,9
83,34,9
83,35,8
83,36,8
83,37,8
83,38,9
83,39,9
84,0,18
84,1,13
84,2,12
84,3,14
84,4,13
84,5,18
84,6,14
84,7,12
84,8,12
84,9,9
84,10,11
84,11,8
84,12,10
84,13,10
84,14,6
84,15,6
84,16,10
84,17,10
84,18,8
84,19,8
84,20,10
84,21,10
84,22,10
84,23,10
84,24,9
84,25,9
84,26,9
84,27,9
84,28,10
84,29,10
84,30,11
84,31,9
84,32,9
84,33,9
84,34,9
84,35,8
84,36,10
84,37,9
84,38,9
84,39,8
85,0,20
85,1,17
85,2,11
85,3,12
85,4,13
85,5,16
85,6,12
85,7,10
85,8,13
85,9,10
85,10,8
85,11,11
85,12,12
85,13,9
85,14,9
85,15,11
85,16,8
85,17,9
85,18,9
85,19,10
85,20,8
85,21,8
85,22,11
85,23,11
85,24,11
85,25,8
85,26,9
85,27,9
85,28,10
85,29,10
85,30,9
85,31,9
85,32,10
85,33,10
85,34,10
85,35,10
85,36,9
85,37,9
85,38,8
85,39,9
86,0,18
86,1,14
86,2,14
86,3,14
86,4,12
86,5,15
86,6,14
86,7,9
86,8,9
86,9,10
86,10,9
86,11,12
86,12,12
86,13,10
86,14,10
86,15,12
86,16,8
86,17,11
86,18,10
86,19,11
86,20,10
86,21,11
86,22,8
86,23,9
86,24,9
86,25,9
86,26,10
86,27,9
86,28,10
86,29,10
86,30,9
86,31,9
86,32,9
86,33,10
86,34,8
86,35,9
86,36,8
86,37,9
86,38,10
86,39,11
87,0,15
87,1,15
87,2,13
87,3,11
87,4,11
87,5,17
87,6,14
87,7,13
87,8,14
87,9,9
87,10,13
87,11,14
87,12,12
87,13,13
87,14,11
87,15,11
87,16,8
87,17,10
87,18,13
87,19,10
87,20,11
87,21,10
87,22,12
87,23,10
87,24,9
87,25,11
87,26,10
87,27,11
87,28,10
87,29,11
87,30,11
87,31,11
87,32,9
87,33,10
87,34,10
87,35,10
87,36,10
87,37,9
87,38,10
87,39,9
88,0,14
88,1,10
88,2,9
88,3,14
88,4,13
88,5,15
88,6,11
88,7,11
88,8,11
88,9,8
88,10,9
88,11,11
88,12,11
88,13,13
88,14,11
88,15,12
88,16,11
88,17,8
88,18,7
88,19,11
88,20,13
88,21,9
88,22,9
88,23,7
88,24,11
88,25,9
88,26,9
88,27,11
88,28,11
88,29,9
88,30,9
88,31,9
88,32,9
88,33,10
88,34,10
88,35,10
88,36,11
88,37,8
88,38,8
88,39,9
89,0,19
89,1,15
89,2,12
89,3,14
89,4,15
89,5,15
89,6,12
89,7,13
89,8,13
89,9,9
89,10,10
89,11,11
89,12,6
89,13,10
89,14,11
89,15,9
89,16,8
89,17,9
89,18,9
89,19,9
89,20,7
89,21,8
89,22,11
89,23,10
89,24,9
89,25,12
89,26,11
89,27,10
89,28,10
89,29,9
89,30,10
89,31,10
89,32,8
89,33,8
89,34,9
89,35,8
89,36,9
89,37,8
89,38,8
89,39,10
90,0,17
90,1,12
90,2,12
90,3,9
90,4,13
90,5,14
90,6,13
90,7,15
90,8,12
90,9,11
90,10,10
90,11,8
90,12,10
90,13,8
90,14,10
90,15,8
90,16,9
90,17,10
90,18,11
90,19,6
90,20,11
90,21,11
90,22,11
90,23,12
90,24,10
90,25,11
90,26,10
90,27,10
90,28,9
90,29,10
90,30,9
90,31,11
90,32,9
90,33,8
90,34,9
90,35,10
90,36,10
90,37,8
90,38,9
90,39,9
91,0,15
91,1,16
91,2,12
91,3,12
91,4,11
91,5,17
91,6,13
91,7,13
91,8,14
91,9,9
91,10,10
91,11,13
91,12,9
91,13,13
91,14,11
91,15,9
91,16,11
91,17,10
91,18,11
91,19,10
91,20,12
91,21,9
91,22,10
91,23,10
91,24,8
91,25,10
91,26,11
91,27,11
91,28,8
91,29,9
91,30,9
91,31,10
91,32,8
91,33,8
91,34,10
91,35,10
91,36,9
91,37,8
91,38,8
91,39,9
92,0,17
92,1,13
92,2,15
92,3,13
92,4,13
92,5,18
92,6,11
92,7,10
92,8,10
92,9,10
92,10,7
92,11,11
92,12,10
92,13,13
92,14,10
92,15,9
92,16,10
92,17,11
92,18,11
92,19,11
92,20,11
92,21,11
92,22,8
92,23,11
92,24,10
92,25,12
92,26,10
92,27,9
92,28,7
92,29,9
92,30,8
92,31,10
92,32,9
92,33,10
92,34,9
92,35,10
92,36,9
92,37,10
92,38,10
92,39,9
93,0,17
93,1,12
93,2,11
93,3,13
93,4,11
93,5,16
93,6,13
93,7,13
93,8,14
93,9,11
93,10,8
93,11,13
93,12,12
93,13,11
93,14,12
93,15,9
93,16,10
93,17,10
93,18,11
93,19,11
93,20,11
93,21,11
93,22,9
93,23,9
93,24,10
93,25,9
93,26,9
93,27,10
93,28,10
93,29,10
93,30,9
93,31,10
93,32,10
93,33,9
93,34,10
93,35,10
93,36,9
93,37,9
93,38,9
93,39,9
94,0,18
94,1,9
94,2,12
94,3,10
94,4,13
94,5,16
94,6,12
94,7,12
94,8,10
94,9,8
94,10,11
94,11,11
94,12,13
94,13,12
94,14,11
94,15,9
94,16,10
94,17,11
94,18,8
94,19,9
94,20,6
94,21,10
94,22,11
94,23,10
94,24,11
94,25,10
94,26,9
94,27,8
94,28,9
94,29,10
94,30,8
94,31,8
94,32,10
94,33,10
94,34,10
94,35,10
94,36,9
94,37,9
94,38,8
94,39,9
95,0,19
95,1,17
95,2,14
95,3,13
95,4,12
95,5,17
95,6,15
95,7,13
95,8,13
95,9,11
95,10,13
95,11,13
95,12,10
95,13,9
95,14,9
95,15,8
95,16,11
95,17,9
95,18,10
95,19,10
95,20,8
95,21,7
95,22,10
95,23,9
95,24,10
95,25,10
95,26,9
95,27,9
95,28,10
95,29,10
95,30,10
95,31,10
95,32,9
95,33,9
95,34,8
95,35,8
95,36,8
95,37,9
95,38,9
95,39,8
96,0,22
96,1,16
96,2,14
96,3,12
96,4,5
96,5,16
96,6,14
96,7,11
96,8,10
96,9,8
96,10,9
96,11,10
96,12,10
96,13,12
96,14,12
96,15,12
96,16,14
96,17,13
96,18,9
96,19,8
96,20,11
96,21,10
96,22,9
96,23,11
96,24,11
96,25,9
96,26,11
96,27,10
96,28,9
96,29,10
96,30,9
96,31,10
96,32,10
96,33,10
96,34,9
96,35,10
96,36,9
96,37,10
96,38,9
96,39,9
97,0,12
97,1,13
97,2,10
97,3,10
97,4,11
97,5,16
97,6,13
97,7,13
97,8,10
97,9,10
97,10,12
97,11,13
97,12,11
97,13,9
97,14,10
97,15,10
97,16,10
97,17,10
97,18,11
97,19,11
97,20,9
97,21,10
97,22,10
97,23,11
97,24,11
97,25,12
97,26,10
97,27,10
97,28,10
97,29,9
97,30,11
97,31,12
97,32,9
97,33,8
97,34,9
97,35,9
97,36,8
97,37,10
97,38,10
97,39,9
98,0,21
98,1,15
98,2,12
98,3,12
98,4,11
98,5,17
98,6,13
98,7,8
98,8,11
98,9,11
98,10,11
98,11,11
98,12,11
98,13,11
98,14,11
98,15,10
98,16,11
98,17,9
98,18,8
98,19,7
98,20,9
98,21,7
98,22,9
98,23,8
98,24,7
98,25,10
98,26,11
98,27,9
98,28,10
98,29,11
98,30,9
98,31,9
98,32,9
98,33,10
98,34,10
98,35,9
98,36,9
98,37,9
98,38,9
98,39,9
99,0,16
99,1,12
99,2,12
99,3,13
99,4,10
99,5,16
99,6,10
99,7,7
99,8,10
99,9,10
99,10,11
99,11,11
99,12,11
99,13,11
99,14,11
99,15,7
99,16,9
99,17,9
99,18,10
99,19,9
99,20,12
99,21,9
99,22,9
99,23,10
99,24,12
99,25,12
99,26,12
99,27,10
99,28,10
99,29,10
99,30,10
99,31,11
99,32,10
99,33,10
99,34,9
99,35,10
99,36,10
99,37,9
99,38,7
99,39,8
100,0,15
100,1,13
100,2,13
100,3,10
100,4,9
100,5,15
100,6,12
100,7,11
100,8,10
100,9,8
100,10,11
100,11,9
100,12,11
100,13,8
100,14,9
100,15,9
100,16,11
100,17,12
100,18,10
100,19,10
100,20,6
100,21,11
100,22,11
100,23,9
100,24,9
100,25,9
100,26,11
100,27,8
100,28,9
100,29,10
100,30,9
100,31,10
100,32,9
100,33,10
100,34,9
100,35,8
100,36,10
100,37,8
100,38,8
100,39,10
101,0,21
101,1,15
101,2,13
101,3,8
101,4,8
101,5,17
101,6,13
101,7,11
101,8,14
101,9,10
101,10,11
101,11,9
101,12,10
101,13,12
101,14,11
101,15,10
101,16,11
101,17,10
101,18,10
101,19,12
101,20,11
101,21,9
101,22,10
101,23,10
101,24,9
101,25,11
101,26,10
101,27,10
101,28,10
101,29,10
101,30,9
101,31,10
101,32,10
101,33,9
101,34,10
101,35,10
101,36,8
101,37,9
101,38,8
101,39,9
102,0,20
102,1,15
102,2,13
102,3,12
102,4,13
102,5,17
102,6,13
102,7,11
102,8,9
102,9,10
102,10,10
102,11,9
102,12,11
102,13,11
102,14,10
102,15,10
102,16,12
102,17,11
102,18,10
102,19,10
102,20,6
102,21,10
102,22,11
102,23,7
102,24,9
102,25,9
102,26,11
102,27,12
102,28,9
102,29,10
102,30,9
102,31,9
102,32,9
102,33,10
102,34,10
102,35,9
102,36,10
102,37,10
102,38,10
102,39,9
103,0,8
103,1,14
103,2,12
103,3,9
103,4,14
103,5,17
103,6,13
103,7,10
103,8,9
103,9,10
103,10,9
103,11,9
103,12,12
103,13,11
103,14,10
103,15,11
103,16,7
103,17,6
103,18,7
103,19,12
103,20,11
103,21,10
103,22,11
103,23,9
103,24,10
103,25,7
103,26,9
103,27,10
103,28,11
103,29,11
103,30,10
103,31,10
103,32,9
103,33,10
103,34,9
103,35,9
103,36,11
103,37,10
103,38,9
103,39,10
104,0,17
104,1,18
104,2,18
104,3,12
104,4,14
104,5,18
104,6,13
104,7,9
104,8,12
104,9,13
104,10,11
104,11,10
104,12,12
104,13,9
104,14,12
104,15,10
104,16,11
104,17,11
104,18,10
104,19,9
104,20,10
104,21,11
104,22,9
104,23,10
104,24,8
104,25,10
104,26,8
104,27,8
104,28,10
104,29,11
104,30,10
104,31,9
104,32,8
104,33,9
104,34,10
104,35,11
104,36,11
104,37,10
104,38,10
104,39,10
105,0,15
105,1,14
105,2,11
105,3,11
105,4,12
105,5,14
105,6,12
105,7,12
105,8,12
105,9,12
105,10,8
105,11,7
105,12,10
105,13,7
105,14,10
105,15,9
105,16,9
105,17,9
105,18,7
105,19,10
105,20,12
105,21,10
105,22,10
105,23,9
105,24,11
105,25,10
105,26,10
105,27,11
105,28,11
105,29,11
105,30,9
105,31,10
105,32,9
105,33,9
105,34,10
105,35,11
105,36,10
105,37,9
105,38,9
105,39,10
106,0,12
106,1,16
106,2,10
106,3,10
106,4,7
106,5,16
106,6,15
106,7,11
106,8,11
106,9,9
106,10,10
106,11,13
106,12,8
106,13,9
106,14,9
106,15,13
106,16,9
106,17,10
106,18,13
106,19,12
106,20,12
106,21,9
106,22,10
106,23,10
106,24,12
106,25,11
106,26,10
106,27,10
106,28,12
106,29,12
106,30,11
106,31,10
106,32,10
106,33,10
106,34,10
106,35,8
106,36,9
106,37,9
106,38,10
106,39,9
107,0,18
107,1,12
107,2,10
107,3,13
107,4,14
107,5,16
107,6,13
107,7,14
107,8,8
107,9,6
107,10,11
107,11,10
107,12,9
107,13,11
107,14,12
107,15,8
107,16,8
107,17,10
107,18,8
107,19,10
107,20,12
107,21,12
107,22,11
107,23,12
107,24,10
107,25,10
107,26,11
107,27,10
107,28,9
107,29,10
107,30,10
107,31,9
107,32,9
107,33,8
107,34,9
107,35,9
107,36,9
107,37,8
107,38,8
107,39,9
108,0,22
108,1,16
108,2,12
108,3,13
108,4,10
108,5,14
108,6,12
108,7,10
108,8,10
108,9,6
108,10,11
108,11,10
108,12,11
108,13,9
108,14,10
108,15,12
108,16,11
108,17,10
108,18,9
108,19,9
108,20,10
108,21,9
108,22,7
108,23,11
108,24,10
108,25,10
108,26,10
108,27,10
108,28,11
108,29,10
108,30,9
108,31,9
108,32,8
108,33,9
108,34,10
108,35,9
108,36,8
108,37,8
108,38,10
108,39,9
109,0,18
109,1,10
109,2,10
109,3,14
109,4,10
109,5,15
109,6,17
109,7,17
109,8,13
109,9,11
109,10,12
109,11,12
109,12,7
109,13,9
109,14,11
109,15,10
109,16,12
109,17,9
109,18,8
109,19,12
109,20,10
109,21,10
109,22,9
109,23,10
109,24,10
109,25,10
109,26,10
109,27,10
109,28,9
109,29,10
109,30,10
109,31,10
109,32,9
109,33,10
109,34,11
109,35,9
109,36,10
109,37,9
109,38,8
109,39,9
110,0,15
110,1,15
110,2,10
110,3,8
110,4,12
110,5,11
110,6,20
110,7,13
110,8,12
110,9,12
110,10,11
110,11,13
110,12,11
110,13,10
110,14,10
110,15,10
110,16,9
110,17,11
110,18,7
110,19,8
110,20,8
110,21,11
110,22,10
110,23,9
110,24,8
110,25,10
110,26,11
110,27,11
110,28,9
110,29,10
110,30,11
110,31,11
110,32,12
110,33,11
110,34,8
110,35,8
110,36,8
110,37,9
110,38,9
110,39,10
111,0,16
111,1,12
111,2,12
111,3,14
111,4,9
111,5,14
111,6,21
111,7,16
111,8,14
111,9,13
111,10,12
111,11,14
111,12,9
111,13,11
111,14,9
111,15,10
111,16,10
111,17,13
111,18,10
111,19,10
111,20,11
111,21,12
111,22,11
111,23,9
111,24,10
111,25,10
111,26,10
111,27,9
111,28,9
111,29,10
111,30,10
111,31,9
111,32,10
111,33,9
111,34,10
111,35,9
111,36,10
111,37,10
111,38,10
111,39,10
112,0,22
112,1,19
112,2,15
112,3,11
112,4,12
112,5,14
112,6,21
112,7,10
112,8,13
112,9,10
112,10,12
112,11,12
112,12,11
112,13,8
112,14,11
112,15,7
112,16,9
112,17,11
112,18,11
112,19,10
112,20,11
112,21,10
112,22,9
112,23,9
112,24,9
112,25,9
112,26,9
112,27,8
112,28,10
112,29,11
112,30,10
112,31,10
112,32,10
112,33,10
112,34,9
112,35,9
112,36,9
112,37,10
112,38,9
112,39,8
113,0,13
113,1,17
113,2,15
113,3,10
113,4,7
113,5,13
113,6,20
113,7,14
113,8,11
113,9,10
113,10,8
113,11,11
113,12,11
113,13,11
113,14,13
113,15,12
113,16,9
113,17,11
113,18,11
113,19,11
113,20,10
113,21,11
113,22,11
113,23,12
113,24,10
113,25,10
113,26,10
113,27,10
113,28,9
113,29,11
113,30,10
113,31,10
113,32,10
113,33,9
113,34,7
113,35,8
113,36,9
113,37,10
113,38,10
113,39,9
114,0,16
114,1,11
114,2,10
114,3,14
114,4,12
114,5,14
114,6,20
114,7,12
114,8,11
114,9,14
114,10,14
114,11,13
114,12,8
114,13,8
114,14,11
114,15,10
114,16,10
114,17,12
114,18,13
114,19,13
114,20,11
114,21,9
114,22,10
114,23,11
114,24,11
114,25,11
114,26,9
114,27,10
114,28,9
114,29,10
114,30,10
114,31,10
114,32,9
114,33,10
114,34,10
114,35,9
114,36,9
114,37,9
114,38,10
114,39,10
115,0,18
115,1,14
115,2,14
115,3,7
115,4,12
115,5,13
115,6,20
115,7,16
115,8,11
115,9,10
115,10,13
115,11,10
115,12,9
115,13,7
115,14,11
115,15,9
115,16,10
115,17,10
115,18,9
115,19,8
115,20,11
115,21,9
115,22,11
115,23,11
115,24,11
115,25,9
115,26,10
115,27,9
115,28,10
115,29,10
115,30,9
115,31,11
115,32,9
115,33,7
115,34,9
115,35,11
115,36,10
115,37,10
115,38,8
115,39,9
116,0,16
116,1,11
116,2,13
116,3,11
116,4,14
116,5,14
116,6,21
116,7,15
116,8,12
116,9,9
116,10,13
116,11,11
116,12,7
116,13,6
116,14,11
116,15,8
116,16,13
116,17,12
116,18,9
116,19,10
116,20,10
116,21,11
116,22,12
116,23,12
116,24,11
116,25,12
116,26,9
116,27,7
116,28,9
116,29,10
116,30,11
116,31,11
116,32,10
116,33,9
116,34,11
116,35,10
116,36,9
116,37,10
116,38,9
116,39,9
117,0,17
117,1,13
117,2,10
117,3,14
117,4,10
117,5,14
117,6,21
117,7,14
117,8,8
117,9,9
117,10,15
117,11,13
117,12,7
117,13,9
117,14,11
117,15,10
117,16,9
117,17,11
117,18,9
117,19,11
117,20,9
117,21,10
117,22,11
117,23,12
117,24,12
117,25,11
117,26,10
117,27,12
117,28,12
117,29,10
117,30,10
117,31,9
117,32,10
117,33,11
117,34,9
117,35,8
117,36,10
117,37,10
117,38,10
117,39,10
118,0,16
118,1,17
118,2,16
118,3,13
118,4,11
118,5,15
118,6,21
118,7,15
118,8,10
118,9,11
118,10,12
118,11,12
118,12,8
118,13,9
118,14,13
118,15,11
118,16,10
118,17,12
118,18,10
118,19,10
118,20,11
118,21,12
118,22,9
118,23,10
118,24,9
118,25,9
118,26,9
118,27,10
118,28,11
118,29,10
118,30,9
118,31,9
118,32,10
118,33,10
118,34,10
118,35,8
118,36,8
118,37,8
118,38,8
118,39,9
119,0,18
119,1,14
119,2,15
119,3,14
119,4,12
119,5,14
119,6,21
119,7,12
119,8,7
119,9,11
119,10,11
119,11,11
119,12,8
119,13,10
119,14,10
119,15,9
119,16,11
119,17,11
119,18,8
119,19,8
119,20,10
119,21,12
119,22,10
119,23,8
119,24,8
119,25,10
119,26,11
119,27,10
119,28,10
119,29,11
119,30,10
119,31,10
119,32,9
119,33,9
119,34,10
119,35,9
119,36,10
119,37,10
119,38,10
119,39,10
120,0,19
120,1,17
120,2,14
120,3,11
120,4,9
120,5,15
120,6,22
120,7,14
120,8,10
120,9,13
120,10,10
120,11,11
120,12,7
120,13,9
120,14,7
120,15,10
120,16,11
120,17,10
120,18,12
120,19,10
120,20,8
120,21,10
120,22,8
120,23,10
120,24,11
120,25,11
120,26,12
120,27,10
120,28,11
120,29,10
120,30,11
120,31,9
120,32,10
120,33,9
120,34,9
120,35,9
120,36,9
120,37,10
120,38,9
120,39,9
121,0,18
121,1,9
121,2,10
121,3,6
121,4,12
121,5,14
121,6,20
121,7,15
121,8,10
121,9,8
121,10,13
121,11,11
121,12,10
121,13,11
121,14,11
121,15,10
121,16,9
121,17,11
121,18,9
121,19,10
121,20,9
121,21,9
121,22,8
121,23,11
121,24,9
121,25,10
121,26,7
121,27,9
121,28,11
121,29,10
121,30,9
121,31,9
121,32,10
121,33,9
121,34,9
121,35,9
121,36,9
121,37,9
121,38,10
121,39,10
122,0,17
122,1,14
122,2,13
122,3,11
122,4,12
122,5,13
122,6,21
122,7,13
122,8,10
122,9,12
122,10,13
122,11,10
122,12,11
122,13,12
122,14,10
122,15,10
122,16,10
122,17,11
122,18,7
122,19,10
122,20,11
122,21,9
122,22,12
122,23,12
122,24,10
122,25,10
122,26,10
122,27,9
122,28,11
122,29,10
122,30,10
122,31,8
122,32,10
122,33,9
122,34,10
122,35,9
122,36,9
122,37,8
122,38,9
122,39,10
123,0,17
123,1,15
123,2,14
123,3,11
123,4,4
123,5,11
123,6,20
123,7,9
123,8,10
123,9,8
123,10,10
123,11,11
123,12,10
123,13,10
123,14,10
123,15,10
123,16,9
123,17,10
123,18,11
123,19,9
123,20,8
123,21,9
123,22,8
123,23,9
123,24,9
123,25,12
123,26,11
123,27,12
123,28,10
123,29,8
123,30,7
123,31,10
123,32,11
123,33,10
123,34,10
123,35,9
123,36,8
123,37,8
123,38,9
123,39,9
124,0,18
124,1,15
124,2,13
124,3,9
124,4,8
124,5,15
124,6,22
124,7,13
124,8,12
124,9,10
124,10,10
124,11,10
124,12,11
124,13,10
124,14,10
124,15,10
124,16,11
124,17,12
124,18,10
124,19,9
124,20,12
124,21,8
124,22,10
124,23,10
124,24,11
124,25,10
124,26,9
124,27,10
124,28,10
124,29,9
124,30,9
124,31,7
124,32,10
124,33,8
124,34,8
124,35,10
124,36,9
124,37,10
124,38,10
124,39,9
125,0,18
125,1,14
125,2,10
125,3,14
125,4,15
125,5,17
125,6,21
125,7,15
125,8,9
125,9,9
125,10,10
125,11,10
125,12,11
125,13,12
125,14,11
125,15,11
125,16,10
125,17,10
125,18,7
125,19,8
125,20,12
125,21,11
125,22,10
125,23,10
125,24,11
125,25,12
125,26,11
125,27,9
125,28,10
125,29,9
125,30,9
125,31,9
125,32,10
125,33,10
125,34,9
125,35,10
125,36,9
125,37,10
125,38,9
125,39,9
126,0,15
126,1,10
126,2,10
126,3,7
126,4,10
126,5,14
126,6,21
126,7,13
126,8,11
126,9,12
126,10,11
126,11,11
126,12,12
126,13,12
126,14,11
126,15,10
126,16,11
126,17,12
126,18,9
126,19,10
126,20,9
126,21,11
126,22,10
126,23,9
126,24,10
126,25,9
126,26,7
126,27,8
126,28,9
126,29,9
126,30,9
126,31,8
126,32,8
126,33,8
126,34,9
126,35,8
126,36,10
126,37,10
126,38,10
126,39,9
127,0,19
127,1,16
127,2,13
127,3,15
127,4,15
127,5,14
127,6,20
127,7,12
127,8,12
127,9,12
127,10,10
127,11,12
127,12,6
127,13,8
127,14,10
127,15,11
127,16,10
127,17,11
127,18,10
127,19,9
127,20,11
127,21,11
127,22,12
127,23,9
127,24,12
127,25,9
127,26,10
127,27,10
127,28,10
127,29,12
127,30,11
127,31,10
127,32,11
127,33,10
127,34,10
127,35,11
127,36,9
127,37,8
127,38,9
127,39,8
128,0,18
128,1,13
128,2,12
128,3,14
128,4,13
128,5,11
128,6,20
128,7,15
128,8,12
128,9,12
128,10,12
128,11,13
128,12,11
128,13,12
128,14,9
128,15,11
128,16,9
128,17,14
128,18,11
128,19,11
128,20,8
128,21,10
128,22,10
128,23,9
128,24,11
128,25,10
128,26,10
128,27,9
128,28,9
128,29,9
128,30,12
128,31,10
128,32,9
128,33,9
128,34,9
128,35,9
128,36,10
128,37,9
128,38,9
128,39,9
129,0,18
129,1,14
129,2,11
129,3,14
129,4,15
129,5,15
129,6,20
129,7,17
129,8,14
129,9,13
129,10,10
129,11,15
129,12,12
129,13,10
129,14,7
129,15,13
129,16,13
129,17,13
129,18,12
129,19,10
129,20,9
129,21,10
129,22,9
129,23,8
129,24,8
129,25,10
129,26,11
129,27,11
129,28,10
129,29,8
129,30,11
129,31,10
129,32,10
129,33,9
129,34,8
129,35,9
129,36,9
129,37,9
129,38,9
129,39,8
130,0,18
130,1,15
130,2,15
130,3,16
130,4,15
130,5,20
130,6,19
130,7,12
130,8,15
130,9,15
130,10,15
130,11,11
130,12,10
130,13,12
130,14,11
130,15,11
130,16,17
130,17,14
130,18,14
130,19,9
130,20,12
130,21,11
130,22,9
130,23,9
130,24,12
130,25,12
130,26,11
130,27,10
130,28,10
130,29,10
130,30,11
130,31,9
130,32,9
130,33,10
130,34,9
130,35,10
130,36,10
130,37,10
130,38,10
130,39,10
131,0,17
131,1,13
131,2,12
131,3,12
131,4,14
131,5,21
131,6,23
131,7,17
131,8,13
131,9,15
131,10,18
131,11,12
131,12,10
131,13,15
131,14,12
131,15,12
131,16,18
131,17,13
131,18,13
131,19,10
131,20,9
131,21,12
131,22,12
131,23,8
131,24,9
131,25,10
131,26,10
131,27,9
131,28,10
131,29,11
131,30,10
131,31,10
131,32,10
131,33,9
131,34,8
131,35,10
131,36,9
131,37,11
131,38,10
131,39,8
132,0,20
132,1,17
132,2,13
132,3,11
132,4,12
132,5,20
132,6,21
132,7,14
132,8,11
132,9,14
132,10,16
132,11,10
132,12,11
132,13,15
132,14,10
132,15,11
132,16,16
132,17,9
132,18,14
132,19,10
132,20,11
132,21,10
132,22,12
132,23,11
132,24,11
132,25,10
132,26,10
132,27,10
132,28,9
132,29,9
132,30,10
132,31,9
132,32,8
132,33,10
132,34,9
132,35,9
132,36,9
132,37,10
132,38,10
132,39,10
133,0,17
133,1,14
133,2,13
133,3,10
133,4,11
133,5,21
133,6,22
133,7,13
133,8,11
133,9,14
133,10,15
133,11,10
133,12,12
133,13,15
133,14,10
133,15,12
133,16,17
133,17,13
133,18,13
133,19,12
133,20,10
133,21,10
133,22,12
133,23,10
133,24,11
133,25,11
133,26,9
133,27,10
133,28,10
133,29,7
133,30,9
133,31,9
133,32,11
133,33,9
133,34,10
133,35,8
133,36,8
133,37,9
133,38,9
133,39,9
134,0,18
134,1,16
134,2,14
134,3,15
134,4,12
134,5,19
134,6,17
134,7,8
134,8,8
134,9,13
134,10,16
134,11,11
134,12,9
134,13,14
134,14,11
134,15,13
134,16,17
134,17,13
134,18,14
134,19,11
134,20,11
134,21,9
134,22,12
134,23,11
134,24,12
134,25,12
134,26,11
134,27,9
134,28,10
134,29,11
134,30,9
134,31,9
134,32,10
134,33,9
134,34,10
134,35,9
134,36,8
134,37,8
134,38,9
134,39,9
135,0,17
135,1,16
135,2,8
135,3,6
135,4,7
135,5,18
135,6,22
135,7,16
135,8,12
135,9,13
135,10,16
135,11,12
135,12,9
135,13,13
135,14,11
135,15,12
135,16,16
135,17,13
135,18,13
135,19,10
135,20,12
135,21,10
135,22,13
135,23,9
135,24,6
135,25,10
135,26,11
135,27,10
135,28,9
135,29,10
135,30,9
135,31,9
135,32,9
135,33,10
135,34,9
135,35,8
135,36,8
135,37,9
135,38,10
135,39,8
136,0,22
136,1,15
136,2,13
136,3,13
136,4,10
136,5,18
136,6,19
136,7,15
136,8,10
136,9,13
136,10,14
136,11,10
136,12,10
136,13,13
136,14,10
136,15,9
136,16,17
136,17,10
136,18,13
136,19,11
136,20,8
136,21,8
136,22,10
136,23,8
136,24,11
136,25,11
136,26,11
136,27,12
136,28,12
136,29,10
136,30,11
136,31,9
136,32,7
136,33,9
136,34,10
136,35,10
136,36,10
136,37,10
136,38,9
136,39,10
137,0,19
137,1,15
137,2,13
137,3,13
137,4,12
137,5,19
137,6,21
137,7,14
137,8,9
137,9,13
137,10,14
137,11,10
137,12,11
137,13,14
137,14,11
137,15,11
137,16,17
137,17,11
137,18,13
137,19,13
137,20,12
137,21,10
137,22,11
137,23,11
137,24,11
137,25,9
137,26,9
137,27,9
137,28,9
137,29,11
137,30,10
137,31,10
137,32,10
137,33,11
137,34,10
137,35,9
137,36,9
137,37,9
137,38,9
137,39,10
138,0,11
138,1,15
138,2,14
138,3,9
138,4,14
138,5,18
138,6,20
138,7,12
138,8,11
138,9,13
138,10,14
138,11,10
138,12,8
138,13,13
138,14,10
138,15,9
138,16,14
138,17,10
138,18,13
138,19,10
138,20,11
138,21,11
138,22,13
138,23,10
138,24,11
138,25,10
138,26,9
138,27,11
138,28,7
138,29,9
138,30,11
138,31,8
138,32,11
138,33,8
138,34,8
138,35,9
138,36,9
138,37,9
138,38,10
138,39,9
139,0,16
139,1,14
139,2,13
139,3,13
139,4,14
139,5,19
139,6,19
139,7,15
139,8,12
139,9,10
139,10,14
139,11,11
139,12,12
139,13,12
139,14,9
139,15,10
139,16,17
139,17,12
139,18,13
139,19,11
139,20,10
139,21,10
139,22,12
139,23,11
139,24,10
139,25,10
139,26,10
139,27,9
139,28,10
139,29,8
139,30,8
139,31,9
139,32,10
139,33,8
139,34,9
139,35,10
139,36,8
139,37,8
139,38,9
139,39,10
140,0,18
140,1,13
140,2,13
140,3,9
140,4,5
140,5,18
140,6,20
140,7,12
140,8,9
140,9,11
140,10,14
140,11,13
140,12,7
140,13,14
140,14,11
140,15,9
140,16,15
140,17,7
140,18,10
140,19,10
140,20,11
140,21,11
140,22,13
140,23,10
140,24,10
140,25,13
140,26,11
140,27,9
140,28,8
140,29,9
140,30,11
140,31,11
140,32,9
140,33,9
140,34,10
140,35,9
140,36,9
140,37,10
140,38,10
140,39,9
141,0,17
141,1,12
141,2,13
141,3,13
141,4,14
141,5,18
141,6,15
141,7,11
141,8,10
141,9,14
141,10,14
141,11,12
141,12,11
141,13,13
141,14,7
141,15,7
141,16,15
141,17,10
141,18,10
141,19,10
141,20,11
141,21,11
141,22,12
141,23,12
141,24,12
141,25,9
141,26,10
141,27,10
141,28,10
141,29,10
141,30,9
141,31,11
141,32,11
141,33,11
141,34,10
141,35,10
141,36,9
141,37,9
141,38,9
141,39,10
142,0,22
142,1,18
142,2,15
142,3,13
142,4,13
142,5,18
142,6,18
142,7,12
142,8,10
142,9,11
142,10,12
142,11,8
142,12,7
142,13,11
142,14,13
142,15,12
142,16,14
142,17,9
142,18,11
142,19,9
142,20,9
142,21,8
142,22,10
142,23,12
142,24,9
142,25,10
142,26,8
142,27,8
142,28,11
142,29,10
142,30,8
142,31,10
142,32,9
142,33,9
142,34,10
142,35,9
142,36,10
142,37,9
142,38,9
142,39,9
143,0,17
143,1,13
143,2,14
143,3,15
143,4,16
143,5,16
143,6,15
143,7,7
143,8,10
143,9,13
143,10,9
143,11,6
143,12,8
143,13,12
143,14,10
143,15,11
143,16,14
143,17,12
143,18,13
143,19,12
143,20,10
143,21,10
143,22,12
143,23,10
143,24,10
143,25,10
143,26,10
143,27,10
143,28,10
143,29,10
143,30,9
143,31,9
143,32,10
143,33,10
143,34,9
143,35,9
143,36,10
143,37,9
143,38,8
143,39,9
144,0,17
144,1,15
144,2,9
144,3,11
144,4,6
144,5,17
144,6,19
144,7,12
144,8,9
144,9,13
144,10,10
144,11,7
144,12,10
144,13,14
144,14,11
144,15,10
144,16,14
144,17,12
144,18,12
144,19,13
144,20,10
144,21,9
144,22,11
144,23,11
144,24,12
144,25,11
144,26,10
144,27,10
144,28,10
144,29,11
144,30,10
144,31,9
144,32,8
144,33,8
144,34,8
144,35,10
144,36,10
144,37,10
144,38,9
144,39,9
145,0,18
145,1,15
145,2,15
145,3,12
145,4,10
145,5,17
145,6,17
145,7,12
145,8,10
145,9,13
145,10,12
145,11,12
145,12,12
145,13,12
145,14,11
145,15,10
145,16,13
145,17,9
145,18,13
145,19,13
145,20,12
145,21,11
145,22,11
145,23,12
145,24,9
145,25,10
145,26,9
145,27,10
145,28,10
145,29,10
145,30,11
145,31,7
145,32,8
145,33,8
145,34,9
145,35,9
145,36,10
145,37,9
145,38,10
145,39,9
146,0,18
146,1,16
146,2,13
146,3,11
146,4,13
146,5,16
146,6,16
146,7,12
146,8,10
146,9,11
146,10,13
146,11,9
146,12,11
146,13,12
146,14,11
146,15,12
146,16,14
146,17,8
146,18,9
146,19,11
146,20,11
146,21,11
146,22,10
146,23,8
146,24,9
146,25,10
146,26,8
146,27,9
146,28,9
146,29,9
146,30,11
146,31,7
146,32,9
146,33,10
146,34,10
146,35,10
146,36,11
146,37,10
146,38,9
146,39,8
147,0,18
147,1,13
147,2,11
147,3,12
147,4,14
147,5,19
147,6,18
147,7,11
147,8,11
147,9,12
147,10,9
147,11,9
147,12,11
147,13,11
147,14,10
147,15,12
147,16,14
147,17,9
147,18,12
147,19,9
147,20,11
147,21,9
147,22,9
147,23,9
147,24,11
147,25,10
147,26,12
147,27,11
147,28,10
147,29,10
147,30,11
147,31,11
147,32,9
147,33,11
147,34,10
147,35,9
147,36,8
147,37,8
147,38,8
147,39,9
148,0,20
148,1,18
148,2,16
148,3,9
148,4,3
148,5,17
148,6,15
148,7,7
148,8,10
148,9,11
148,10,11
148,11,9
148,12,9
148,13,11
148,14,12
148,15,9
148,16,14
148,17,12
148,18,11
148,19,8
148,20,10
148,21,10
148,22,11
148,23,11
148,24,8
148,25,10
148,26,10
148,27,10
148,28,9
148,29,10
148,30,12
148,31,11
148,32,10
148,33,9
148,34,9
148,35,9
148,36,9
148,37,9
148,38,8
148,39,8
149,0,19
149,1,19
149,2,15
149,3,10
149,4,11
149,5,17
149,6,17
149,7,12
149,8,13
149,9,13
149,10,10
149,11,10
149,12,11
149,13,13
149,14,9
149,15,6
149,16,12
149,17,11
149,18,12
149,19,12
149,20,9
149,21,12
149,22,11
149,23,9
149,24,9
149,25,11
149,26,11
149,27,12
149,28,11
149,29,10
149,30,11
149,31,10
149,32,9
149,33,9
149,34,9
149,35,10
149,36,9
149,37,10
149,38,10
149,39,9
150,0,20
150,1,16
150,2,12
150,3,11
150,4,11
150,5,17
150,6,17
150,7,13
150,8,12
150,9,12
150,10,13
150,11,6
150,12,11
150,13,11
150,14,10
150,15,14
150,16,14
150,17,8
150,18,10
150,19,9
150,20,9
150,21,11
150,22,9
150,23,12
150,24,11
150,25,12
150,26,11
150,27,10
150,28,9
150,29,9
150,30,11
150,31,10
150,32,9
150,33,10
150,34,10
150,35,10
150,36,10
150,37,10
150,38,9
150,39,9
151,0,17
151,1,11
151,2,11
151,3,14
151,4,16
151,5,20
151,6,19
151,7,16
151,8,14
151,9,15
151,10,10
151,11,9
151,12,9
151,13,12
151,14,9
151,15,13
151,16,13
151,17,13
151,18,14
151,19,10
151,20,10
151,21,11
151,22,11
151,23,11
151,24,11
151,25,12
151,26,12
151,27,11
151,28,10
151,29,8
151,30,10
151,31,10
151,32,10
151,33,10
151,34,10
151,35,11
151,36,10
151,37,9
151,38,8
151,39,8
152,0,18
152,1,17
152,2,10
152,3,13
152,4,14
152,5,20
152,6,14
152,7,16
152,8,15
152,9,17
152,10,14
152,11,13
152,12,12
152,13,12
152,14,10
152,15,8
152,16,14
152,17,11
152,18,13
152,19,10
152,20,7
152,21,10
152,22,10
152,23,9
152,24,11
152,25,9
152,26,10
152,27,11
152,28,9
152,29,9
152,30,11
152,31,9
152,32,8
152,33,9
152,34,10
152,35,9
152,36,10
152,37,9
152,38,9
152,39,10
153,0,20
153,1,16
153,2,15
153,3,11
153,4,12
153,5,22
153,6,18
153,7,14
153,8,13
153,9,15
153,10,13
153,11,12
153,12,14
153,13,13
153,14,9
153,15,10
153,16,11
153,17,12
153,18,13
153,19,8
153,20,12
153,21,12
153,22,10
153,23,11
153,24,12
153,25,11
153,26,11
153,27,12
153,28,9
153,29,9
153,30,10
153,31,10
153,32,9
153,33,8
153,34,9
153,35,10
153,36,9
153,37,8
153,38,10
153,39,9
154,0,20
154,1,15
154,2,16
154,3,13
154,4,13
154,5,23
154,6,20
154,7,16
154,8,15
154,9,16
154,10,13
154,11,10
154,12,12
154,13,11
154,14,10
154,15,9
154,16,12
154,17,11
154,18,13
154,19,13
154,20,12
154,21,11
154,22,9
154,23,9
154,24,10
154,25,10
154,26,10
154,27,10
154,28,9
154,29,11
154,30,10
154,31,9
154,32,11
154,33,9
154,34,11
154,35,11
154,36,9
154,37,9
154,38,11
154,39,10
155,0,18
155,1,11
155,2,8
155,3,10
155,4,13
155,5,22
155,6,21
155,7,16
155,8,16
155,9,15
155,10,14
155,11,11
155,12,14
155,13,13
155,14,12
155,15,12
155,16,12
155,17,12
155,18,10
155,19,7
155,20,12
155,21,11
155,22,9
155,23,10
155,24,11
155,25,9
155,26,10
155,27,11
155,28,8
155,29,9
155,30,11
155,31,11
155,32,11
155,33,10
155,34,9
155,35,10
155,36,10
155,37,10
155,38,10
155,39,10
156,0,18
156,1,18
156,2,15
156,3,15
156,4,14
156,5,20
156,6,19
156,7,12
156,8,16
156,9,15
156,10,13
156,11,9
156,12,12
156,13,11
156,14,9
156,15,13
156,16,12
156,17,9
156,18,10
156,19,10
156,20,11
156,21,10
156,22,9
156,23,9
156,24,10
156,25,9
156,26,10
156,27,11
156,28,10
156,29,10
156,30,10
156,31,10
156,32,9
156,33,9
156,34,10
156,35,10
156,36,11
156,37,10
156,38,10
156,39,9
157,0,20
157,1,17
157,2,16
157,3,11
157,4,10
157,5,21
157,6,22
157,7,12
157,8,14
157,9,16
157,10,15
157,11,9
157,12,14
157,13,14
157,14,14
157,15,14
157,16,11
157,17,11
157,18,11
157,19,11
157,20,8
157,21,8
157,22,8
157,23,8
157,24,9
157,25,9
157,26,10
157,27,10
157,28,11
157,29,9
157,30,9
157,31,9
157,32,10
157,33,9
157,34,10
157,35,10
157,36,8
157,37,8
157,38,9
157,39,8
158,0,16
158,1,16
158,2,14
158,3,11
158,4,14
158,5,21
158,6,19
158,7,15
158,8,14
158,9,14
158,10,13
158,11,12
158,12,15
158,13,15
158,14,11
158,15,12
158,16,12
158,17,11
158,18,11
158,19,10
158,20,12
158,21,11
158,22,12
158,23,12
158,24,13
158,25,11
158,26,7
158,27,8
158,28,9
158,29,10
158,30,10
158,31,10
158,32,9
158,33,9
158,34,11
158,35,10
158,36,10
158,37,10
158,38,10
158,39,10
159,0,15
159,1,15
159,2,14
159,3,15
159,4,14
159,5,18
159,6,20
159,7,15
159,8,12
159,9,15
159,10,13
159,11,11
159,12,12
159,13,11
159,14,8
159,15,12
159,16,12
159,17,11
159,18,11
159,19,10
159,20,9
159,21,9
159,22,12
159,23,9
159,24,9
159,25,9
159,26,7
159,27,8
159,28,9
159,29,11
159,30,11
159,31,9
159,32,10
159,33,10
159,34,10
159,35,9
159,36,10
159,37,10
159,38,9
159,39,8
160,0,19
160,1,14
160,2,13
160,3,12
160,4,9
160,5,19
160,6,19
160,7,12
160,8,15
160,9,12
160,10,12
160,11,6
160,12,13
160,13,14
160,14,7
160,15,11
160,16,10
160,17,11
160,18,8
160,19,9
160,20,7
160,21,10
160,22,9
160,23,10
160,24,10
160,25,8
160,26,9
160,27,10
160,28,10
160,29,8
160,30,11
160,31,10
160,32,8
160,33,8
160,34,8
160,35,7
160,36,9
160,37,10
160,38,9
160,39,10
161,0,13
161,1,14
161,2,12
161,3,13
161,4,11
161,5,20
161,6,21
161,7,16
161,8,16
161,9,15
161,10,14
161,11,11
161,12,11
161,13,13
161,14,11
161,15,12
161,16,12
161,17,11
161,18,11
161,19,10
161,20,10
161,21,10
161,22,12
161,23,10
161,24,10
161,25,10
161,26,10
161,27,11
161,28,11
161,29,11
161,30,11
161,31,11
161,32,9
161,33,9
161,34,10
161,35,10
161,36,9
161,37,9
161,38,8
161,39,9
162,0,16
162,1,16
162,2,10
162,3,14
162,4,12
162,5,20
162,6,21
162,7,15
162,8,15
162,9,13
162,10,12
162,11,11
162,12,13
162,13,14
162,14,9
162,15,10
162,16,15
162,17,11
162,18,9
162,19,10
162,20,13
162,21,12
162,22,11
162,23,9
162,24,10
162,25,10
162,26,8
162,27,7
162,28,11
162,29,10
162,30,9
162,31,9
162,32,9
162,33,9
162,34,9
162,35,9
162,36,10
162,37,9
162,38,9
162,39,9
163,0,15
163,1,15
163,2,14
163,3,14
163,4,14
163,5,19
163,6,19
163,7,11
163,8,14
163,9,16
163,10,13
163,11,11
163,12,14
163,13,14
163,14,11
163,15,13
163,16,13
163,17,12
163,18,10
163,19,12
163,20,12
163,21,11
163,22,9
163,23,9
163,24,10
163,25,11
163,26,11
163,27,10
163,28,8
163,29,9
163,30,9
163,31,9
163,32,9
163,33,10
163,34,11
163,35,10
163,36,10
163,37,9
163,38,9
163,39,9
164,0,13
164,1,12
164,2,13
164,3,11
164,4,15
164,5,20
164,6,19
164,7,15
164,8,14
164,9,14
164,10,14
164,11,11
164,12,10
164,13,10
164,14,11
164,15,14
164,16,14
164,17,11
164,18,12
164,19,14
164,20,13
164,21,12
164,22,12
164,23,9
164,24,9
164,25,10
164,26,10
164,27,11
164,28,11
164,29,10
164,30,9
164,31,10
164,32,8
164,33,10
164,34,8
164,35,11
164,36,11
164,37,10
164,38,9
164,39,8
165,0,11
165,1,10
165,2,15
165,3,13
165,4,14
165,5,20
165,6,19
165,7,13
165,8,13
165,9,15
165,10,14
165,11,14
165,12,15
165,13,13
165,14,11
165,15,11
165,16,8
165,17,11
165,18,10
165,19,8
165,20,9
165,21,10
165,22,10
165,23,10
165,24,10
165,25,9
165,26,10
165,27,9
165,28,9
165,29,9
165,30,9
165,31,10
165,32,10
165,33,10
165,34,9
165,35,9
165,36,9
165,37,9
165,38,10
165,39,9
166,0,19
166,1,16
166,2,14
166,3,13
166,4,15
166,5,20
166,6,20
166,7,14
166,8,14
166,9,15
166,10,12
166,11,11
166,12,11
166,13,13
166,14,11
166,15,10
166,16,12
166,17,9
166,18,11
166,19,9
166,20,11
166,21,11
166,22,10
166,23,9
166,24,11
166,25,9
166,26,10
166,27,10
166,28,11
166,29,10
166,30,12
166,31,9
166,32,9
166,33,8
166,34,9
166,35,9
166,36,10
166,37,10
166,38,9
166,39,9
167,0,19
167,1,16
167,2,15
167,3,12
167,4,8
167,5,18
167,6,20
167,7,15
167,8,13
167,9,12
167,10,13
167,11,9
167,12,11
167,13,12
167,14,10
167,15,11
167,16,10
167,17,12
167,18,11
167,19,12
167,20,13
167,21,12
167,22,10
167,23,11
167,24,10
167,25,10
167,26,9
167,27,10
167,28,9
167,29,10
167,30,9
167,31,10
167,32,10
167,33,8
167,34,10
167,35,9
167,36,10
167,37,10
167,38,10
167,39,10
168,0,16
168,1,13
168,2,11
168,3,8
168,4,11
168,5,19
168,6,20
168,7,14
168,8,13
168,9,14
168,10,14
168,11,10
168,12,12
168,13,13
168,14,8
168,15,11
168,16,9
168,17,9
168,18,11
168,19,10
168,20,11
168,21,10
168,22,10
168,23,10
168,24,10
168,25,11
168,26,10
168,27,11
168,28,9
168,29,10
168,30,11
168,31,10
168,32,9
168,33,10
168,34,10
168,35,9
168,36,10
168,37,9
168,38,9
168,39,8
169,0,17
169,1,15
169,2,15
169,3,14
169,4,13
169,5,20
169,6,20
169,7,15
169,8,15
169,9,13
169,10,12
169,11,9
169,12,14
169,13,14
169,14,12
169,15,13
169,16,8
169,17,9
169,18,10
169,19,10
169,20,9
169,21,8
169,22,13
169,23,10
169,24,8
169,25,11
169,26,9
169,27,8
169,28,7
169,29,9
169,30,10
169,31,9
169,32,11
169,33,10
169,34,10
169,35,9
169,36,9
169,37,10
169,38,8
169,39,7
170,0,15
170,1,14
170,2,14
170,3,11
170,4,14
170,5,19
170,6,17
170,7,11
170,8,12
170,9,10
170,10,11
170,11,10
170,12,13
170,13,14
170,14,13
170,15,13
170,16,12
170,17,7
170,18,12
170,19,11
170,20,13
170,21,12
170,22,11
170,23,11
170,24,9
170,25,10
170,26,11
170,27,10
170,28,8
170,29,9
170,30,10
170,31,10
170,32,10
170,33,11
170,34,9
170,35,9
170,36,8
170,37,9
170,38,8
170,39,9
171,0,18
171,1,16
171,2,17
171,3,14
171,4,14
171,5,19
171,6,18
171,7,15
171,8,13
171,9,11
171,10,11
171,11,11
171,12,13
171,13,12
171,14,10
171,15,14
171,16,10
171,17,11
171,18,12
171,19,11
171,20,11
171,21,11
171,22,11
171,23,10
171,24,12
171,25,10
171,26,10
171,27,10
171,28,10
171,29,8
171,30,9
171,31,9
171,32,10
171,33,9
171,34,8
171,35,9
171,36,9
171,37,10
171,38,11
171,39,10
172,0,18
172,1,15
172,2,13
172,3,10
172,4,13
172,5,17
172,6,19
172,7,16
172,8,13
172,9,12
172,10,10
172,11,12
172,12,13
172,13,13
172,14,13
172,15,13
172,16,12
172,17,11
172,18,11
172,19,10
172,20,10
172,21,9
172,22,10
172,23,10
172,24,7
172,25,10
172,26,9
172,27,11
172,28,11
172,29,9
172,30,10
172,31,10
172,32,10
172,33,10
172,34,8
172,35,7
172,36,7
172,37,8
172,38,10
172,39,9
173,0,19
173,1,18
173,2,16
173,3,10
173,4,13
173,5,21
173,6,21
173,7,17
173,8,14
173,9,15
173,10,13
173,11,13
173,12,13
173,13,14
173,14,11
173,15,10
173,16,12
173,17,12
173,18,11
173,19,9
173,20,9
173,21,10
173,22,11
173,23,10
173,24,8
173,25,10
173,26,11
173,27,10
173,28,11
173,29,9
173,30,9
173,31,11
173,32,10
173,33,9
173,34,10
173,35,9
173,36,9
173,37,10
173,38,9
173,39,9
174,0,18
174,1,13
174,2,15
174,3,10
174,4,14
174,5,20
174,6,20
174,7,17
174,8,18
174,9,15
174,10,11
174,11,12
174,12,11
174,13,13
174,14,12
174,15,12
174,16,12
174,17,10
174,18,11
174,19,9
174,20,7
174,21,11
174,22,10
174,23,11
174,24,10
174,25,9
174,26,11
174,27,8
174,28,10
174,29,10
174,30,9
174,31,10
174,32,10
174,33,9
174,34,9
174,35,9
174,36,9
174,37,10
174,38,10
174,39,9
175,0,18
175,1,15
175,2,7
175,3,8
175,4,12
175,5,18
175,6,20
175,7,14
175,8,17
175,9,16
175,10,12
175,11,11
175,12,10
175,13,14
175,14,13
175,15,12
175,16,14
175,17,10
175,18,13
175,19,9
175,20,8
175,21,12
175,22,11
175,23,10
175,24,9
175,25,10
175,26,9
175,27,9
175,28,12
175,29,11
175,30,11
175,31,11
175,32,10
175,33,10
175,34,9
175,35,9
175,36,10
175,37,9
175,38,9
175,39,10
176,0,14
176,1,16
176,2,14
176,3,13
176,4,10
176,5,16
176,6,20
176,7,16
176,8,14
176,9,15
176,10,11
176,11,10
176,12,11
176,13,13
176,14,12
176,15,13
176,16,10
176,17,10
176,18,10
176,19,10
176,20,11
176,21,9
176,22,10
176,23,12
176,24,11
176,25,10
176,26,8
176,27,10
176,28,9
176,29,8
176,30,10
176,31,10
176,32,9
176,33,9
176,34,9
176,35,10
176,36,10
176,37,10
176,38,9
176,39,7
177,0,18
177,1,13
177,2,15
177,3,12
177,4,13
177,5,18
177,6,19
177,7,14
177,8,17
177,9,14
177,10,13
177,11,13
177,12,11
177,13,12
177,14,11
177,15,12
177,16,14
177,17,10
177,18,10
177,19,10
177,20,8
177,21,10
177,22,11
177,23,12
177,24,11
177,25,10
177,26,9
177,27,11
177,28,10
177,29,10
177,30,9
177,31,10
177,32,9
177,33,10
177,34,9
177,35,9
177,36,10
177,37,9
177,38,9
177,39,9
178,0,20
178,1,16
178,2,13
178,3,12
178,4,13
178,5,16
178,6,18
178,7,16
178,8,16
178,9,10
178,10,12
178,11,12
178,12,12
178,13,13
178,14,11
178,15,7
178,16,14
178,17,10
178,18,8
178,19,11
178,20,11
178,21,12
178,22,11
178,23,9
178,24,8
178,25,9
178,26,9
178,27,8
178,28,9
178,29,11
178,30,9
178,31,8
178,32,8
178,33,10
178,34,10
178,35,9
178,36,8
178,37,7
178,38,9
178,39,9
179,0,19
179,1,16
179,2,14
179,3,6
179,4,11
179,5,18
179,6,19
179,7,15
179,8,16
179,9,14
179,10,12
179,11,14
179,12,13
179,13,13
179,14,11
179,15,13
179,16,13
179,17,12
179,18,11
179,19,10
179,20,8
179,21,11
179,22,10
179,23,7
179,24,8
179,25,9
179,26,10
179,27,11
179,28,10
179,29,8
179,30,10
179,31,10
179,32,10
179,33,8
179,34,9
179,35,8
179,36,10
179,37,10
179,38,9
179,39,9
180,0,17
180,1,13
180,2,14
180,3,12
180,4,12
180,5,18
180,6,19
180,7,14
180,8,17
180,9,9
180,10,9
180,11,12
180,12,14
180,13,13
180,14,12
180,15,14
180,16,11
180,17,10
180,18,11
180,19,9
180,20,11
180,21,11
180,22,8
180,23,8
180,24,9
180,25,8
180,26,11
180,27,11
180,28,10
180,29,9
180,30,11
180,31,10
180,32,10
180,33,9
180,34,11
180,35,10
180,36,8
180,37,9
180,38,9
180,39,9
181,0,18
181,1,13
181,2,11
181,3,13
181,4,13
181,5,17
181,6,18
181,7,14
181,8,13
181,9,14
181,10,10
181,11,14
181,12,14
181,13,11
181,14,10
181,15,10
181,16,11
181,17,10
181,18,11
181,19,11
181,20,11
181,21,11
181,22,11
181,23,11
181,24,10
181,25,10
181,26,11
181,27,9
181,28,10
181,29,8
181,30,9
181,31,10
181,32,10
181,33,8
181,34,9
181,35,9
181,36,9
181,37,9
181,38,9
181,39,9
182,0,13
182,1,16
182,2,15
182,3,11
182,4,10
182,5,17
182,6,16
182,7,13
182,8,17
182,9,16
182,10,13
182,11,9
182,12,10
182,13,11
182,14,9
182,15,12
182,16,14
182,17,13
182,18,10
182,19,11
182,20,8
182,21,8
182,22,11
182,23,10
182,24,9
182,25,8
182,26,11
182,27,12
182,28,10
182,29,10
182,30,10
182,31,9
182,32,10
182,33,9
182,34,9
182,35,9
182,36,10
182,37,9
182,38,9
182,39,9
183,0,21
183,1,19
183,2,17
183,3,15
183,4,15
183,5,18
183,6,16
183,7,15
183,8,16
183,9,16
183,10,15
183,11,14
183,12,12
183,13,11
183,14,12
183,15,13
183,16,13
183,17,11
183,18,8
183,19,7
183,20,9
183,21,11
183,22,10
183,23,10
183,24,12
183,25,10
183,26,11
183,27,8
183,28,10
183,29,11
183,30,8
183,31,9
183,32,7
183,33,8
183,34,9
183,35,11
183,36,10
183,37,8
183,38,8
183,39,8
184,0,16
184,1,17
184,2,15
184,3,15
184,4,14
184,5,18
184,6,18
184,7,12
184,8,16
184,9,17
184,10,12
184,11,11
184,12,14
184,13,12
184,14,13
184,15,12
184,16,13
184,17,11
184,18,9
184,19,10
184,20,9
184,21,10
184,22,11
184,23,11
184,24,10
184,25,11
184,26,9
184,27,9
184,28,10
184,29,10
184,30,11
184,31,9
184,32,9
184,33,10
184,34,10
184,35,9
184,36,9
184,37,8
184,38,9
184,39,9
185,0,17
185,1,12
185,2,11
185,3,13
185,4,16
185,5,16
185,6,17
185,7,11
185,8,16
185,9,15
185,10,10
185,11,13
185,12,14
185,13,11
185,14,12
185,15,11
185,16,12
185,17,10
185,18,9
185,19,8
185,20,9
185,21,11
185,22,10
185,23,9
185,24,8
185,25,8
185,26,11
185,27,9
185,28,7
185,29,9
185,30,10
185,31,10
185,32,9
185,33,9
185,34,10
185,35,9
185,36,10
185,37,9
185,38,8
185,39,9
186,0,12
186,1,14
186,2,15
186,3,13
186,4,13
186,5,18
186,6,18
186,7,14
186,8,14
186,9,15
186,10,10
186,11,13
186,12,12
186,13,12
186,14,12
186,15,13
186,16,12
186,17,11
186,18,10
186,19,9
186,20,10
186,21,9
186,22,9
186,23,8
186,24,9
186,25,11
186,26,10
186,27,9
186,28,11
186,29,10
186,30,11
186,31,11
186,32,10
186,33,9
186,34,10
186,35,9
186,36,8
186,37,9
186,38,9
186,39,10
187,0,19
187,1,15
187,2,15
187,3,7
187,4,9
187,5,18
187,6,16
187,7,12
187,8,14
187,9,17
187,10,13
187,11,13
187,12,14
187,13,11
187,14,10
187,15,8
187,16,11
187,17,11
187,18,11
187,19,11
187,20,8
187,21,10
187,22,11
187,23,12
187,24,11
187,25,11
187,26,9
187,27,10
187,28,11
187,29,11
187,30,9
187,31,12
187,32,9
187,33,10
187,34,9
187,35,10
187,36,10
187,37,9
187,38,10
187,39,10
188,0,22
188,1,18
188,2,14
188,3,15
188,4,13
188,5,15
188,6,14
188,7,14
188,8,16
188,9,17
188,10,13
188,11,13
188,12,12
188,13,13
188,14,13
188,15,11
188,16,12
188,17,11
188,18,12
188,19,9
188,20,9
188,21,11
188,22,11
188,23,9
188,24,9
188,25,9
188,26,11
188,27,10
188,28,11
188,29,10
188,30,10
188,31,10
188,32,10
188,33,9
188,34,10
188,35,10
188,36,9
188,37,9
188,38,9
188,39,8
189,0,21
189,1,15
189,2,15
189,3,15
189,4,15
189,5,14
189,6,15
189,7,14
189,8,16
189,9,17
189,10,15
189,11,11
189,12,12
189,13,13
189,14,12
189,15,12
189,16,12
189,17,11
189,18,11
189,19,11
189,20,10
189,21,9
189,22,9
189,23,12
189,24,10
189,25,11
189,26,12
189,27,9
189,28,10
189,29,10
189,30,8
189,31,8
189,32,10
189,33,10
189,34,11
189,35,9
189,36,10
189,37,9
189,38,8
189,39,9
190,0,13
190,1,10
190,2,15
190,3,13
190,4,11
190,5,17
190,6,16
190,7,13
190,8,16
190,9,15
190,10,15
190,11,13
190,12,12
190,13,14
190,14,12
190,15,11
190,16,10
190,17,11
190,18,13
190,19,10
190,20,10
190,21,12
190,22,11
190,23,11
190,24,10
190,25,8
190,26,9
190,27,9
190,28,10
190,29,8
190,30,10
190,31,11
190,32,11
190,33,9
190,34,8
190,35,10
190,36,9
190,37,10
190,38,9
190,39,9
191,0,18
191,1,16
191,2,15
191,3,15
191,4,12
191,5,19
191,6,21
191,7,20
191,8,16
191,9,17
191,10,17
191,11,14
191,12,11
191,13,14
191,14,14
191,15,12
191,16,14
191,17,11
191,18,10
191,19,10
191,20,10
191,21,11
191,22,11
191,23,10
191,24,8
191,25,9
191,26,9
191,27,8
191,28,10
191,29,11
191,30,10
191,31,9
191,32,9
191,33,9
191,34,10
191,35,10
191,36,9
191,37,10
191,38,9
191,39,8
192,0,18
192,1,17
192,2,16
192,3,11
192,4,15
192,5,21
192,6,24
192,7,21
192,8,15
192,9,16
192,10,10
192,11,13
192,12,13
192,13,12
192,14,13
192,15,12
192,16,13
192,17,17
192,18,10
192,19,13
192,20,13
192,21,12
192,22,12
192,23,11
192,24,12
192,25,9
192,26,9
192,27,10
192,28,11
192,29,10
192,30,10
192,31,11
192,32,10
192,33,9
192,34,9
192,35,8
192,36,8
192,37,9
192,38,8
192,39,9
193,0,18
193,1,14
193,2,12
193,3,14
193,4,15
193,5,21
193,6,24
193,7,18
193,8,17
193,9,16
193,10,13
193,11,16
193,12,13
193,13,11
193,14,11
193,15,12
193,16,15
193,17,16
193,18,10
193,19,14
193,20,10
193,21,11
193,22,11
193,23,9
193,24,8
193,25,10
193,26,9
193,27,12
193,28,10
193,29,9
193,30,10
193,31,10
193,32,10
193,33,9
193,34,10
193,35,9
193,36,9
193,37,11
193,38,10
193,39,9
194,0,16
194,1,14
194,2,12
194,3,5
194,4,9
194,5,20
194,6,22
194,7,16
194,8,18
194,9,16
194,10,15
194,11,12
194,12,13
194,13,14
194,14,15
194,15,11
194,16,14
194,17,17
194,18,12
194,19,12
194,20,10
194,21,12
194,22,10
194,23,11
194,24,9
194,25,10
194,26,10
194,27,10
194,28,11
194,29,10
194,30,9
194,31,9
194,32,10
194,33,9
194,34,8
194,35,8
194,36,10
194,37,9
194,38,9
194,39,9
195,0,22
195,1,18
195,2,15
195,3,16
195,4,13
195,5,20
195,6,23
195,7,20
195,8,18
195,9,18
195,10,14
195,11,16
195,12,15
195,13,13
195,14,12
195,15,11
195,16,15
195,17,17
195,18,12
195,19,13
195,20,11
195,21,9
195,22,11
195,23,11
195,24,10
195,25,9
195,26,9
195,27,10
195,28,10
195,29,11
195,30,10
195,31,9
195,32,9
195,33,9
195,34,9
195,35,10
195,36,9
195,37,7
195,38,10
195,39,10
196,0,17
196,1,11
196,2,11
196,3,10
196,4,13
196,5,21
196,6,23
196,7,17
196,8,16
196,9,19
196,10,15
196,11,12
196,12,11
196,13,13
196,14,11
196,15,12
196,16,13
196,17,15
196,18,10
196,19,12
196,20,13
196,21,10
196,22,10
196,23,10
196,24,10
196,25,9
196,26,8
196,27,11
196,28,10
196,29,10
196,30,11
196,31,10
196,32,10
196,33,10
196,34,9
196,35,9
196,36,8
196,37,8
196,38,8
196,39,10
197,0,18
197,1,14
197,2,6
197,3,12
197,4,7
197,5,20
197,6,23
197,7,17
197,8,17
197,9,17
197,10,15
197,11,15
197,12,11
197,13,13
197,14,11
197,15,12
197,16,13
197,17,15
197,18,11
197,19,12
197,20,13
197,21,11
197,22,12
197,23,11
197,24,12
197,25,10
197,26,11
197,27,11
197,28,11
197,29,10
197,30,9
197,31,9
197,32,10
197,33,9
197,34,10
197,35,11
197,36,10
197,37,10
197,38,8
197,39,8
198,0,13
198,1,13
198,2,16
198,3,14
198,4,13
198,5,20
198,6,23
198,7,17
198,8,16
198,9,17
198,10,13
198,11,14
198,12,11
198,13,14
198,14,13
198,15,11
198,16,13
198,17,14
198,18,12
198,19,12
198,20,12
198,21,11
198,22,10
198,23,12
198,24,11
198,25,9
198,26,9
198,27,9
198,28,8
198,29,10
198,30,11
198,31,9
198,32,11
198,33,11
198,34,10
198,35,10
198,36,10
198,37,9
198,38,9
198,39,8
199,0,19
199,1,14
199,2,16
199,3,14
199,4,10
199,5,19
199,6,23
199,7,15
199,8,16
199,9,17
199,10,16
199,11,17
199,12,11
199,13,11
199,14,13
199,15,12
199,16,14
199,17,14
199,18,10
199,19,9
199,20,11
199,21,11
199,22,11
199,23,10
199,24,9
199,25,9
199,26,10
199,27,11
199,28,11
199,29,12
199,30,12
199,31,7
199,32,9
199,33,10
199,34,9
199,35,9
199,36,9
199,37,9
199,38,8
199,39,9
