id,n,magnitude
0,0,36
0,1,33
0,2,27
0,3,15
0,4,29
0,5,22
0,6,27
0,7,22
0,8,22
0,9,22
0,10,21
0,11,22
0,12,17
0,13,24
0,14,20
0,15,20
0,16,21
0,17,18
0,18,20
0,19,19
0,20,19
0,21,21
0,22,23
0,23,19
0,24,17
0,25,22
0,26,18
0,27,15
0,28,18
0,29,20
0,30,19
0,31,21
0,32,20
0,33,20
0,34,18
0,35,17
0,36,18
0,37,20
0,38,21
0,39,17
1,0,21
1,1,12
1,2,16
1,3,30
1,4,26
1,5,23
1,6,16
1,7,21
1,8,23
1,9,20
1,10,20
1,11,24
1,12,18
1,13,20
1,14,20
1,15,21
1,16,19
1,17,18
1,18,15
1,19,14
1,20,18
1,21,14
1,22,17
1,23,20
1,24,21
1,25,20
1,26,20
1,27,19
1,28,20
1,29,23
1,30,20
1,31,17
1,32,19
1,33,16
1,34,18
1,35,19
1,36,20
1,37,20
1,38,20
1,39,20
2,0,33
2,1,23
2,2,25
2,3,24
2,4,23
2,5,25
2,6,25
2,7,26
2,8,25
2,9,19
2,10,23
2,11,24
2,12,20
2,13,19
2,14,20
2,15,19
2,16,18
2,17,20
2,18,18
2,19,17
2,20,16
2,21,14
2,22,20
2,23,16
2,24,16
2,25,20
2,26,20
2,27,19
2,28,20
2,29,22
2,30,22
2,31,17
2,32,19
2,33,19
2,34,17
2,35,19
2,36,22
2,37,19
2,38,19
2,39,17
3,0,39
3,1,36
3,2,29
3,3,25
3,4,24
3,5,24
3,6,21
3,7,25
3,8,24
3,9,18
3,10,21
3,11,20
3,12,18
3,13,24
3,14,21
3,15,26
3,16,16
3,17,19
3,18,19
3,19,17
3,20,21
3,21,20
3,22,16
3,23,18
3,24,22
3,25,18
3,26,16
3,27,22
3,28,23
3,29,17
3,30,22
3,31,20
3,32,22
3,33,21
3,34,20
3,35,14
3,36,16
3,37,19
3,38,20
3,39,18
4,0,33
4,1,27
4,2,26
4,3,18
4,4,15
4,5,28
4,6,28
4,7,18
4,8,18
4,9,11
4,10,21
4,11,22
4,12,16
4,13,18
4,14,18
4,15,20
4,16,18
4,17,23
4,18,21
4,19,20
4,20,22
4,21,23
4,22,19
4,23,18
4,24,19
4,25,19
4,26,17
4,27,21
4,28,19
4,29,17
4,30,18
4,31,19
4,32,19
4,33,19
4,34,19
4,35,18
4,36,18
4,37,20
4,38,20
4,39,20
5,0,21
5,1,26
5,2,28
5,3,31
5,4,30
5,5,27
5,6,23
5,7,22
5,8,20
5,9,24
5,10,24
5,11,27
5,12,25
5,13,16
5,14,22
5,15,15
5,16,20
5,17,13
5,18,22
5,19,24
5,20,19
5,21,20
5,22,18
5,23,19
5,24,22
5,25,20
5,26,17
5,27,21
5,28,20
5,29,19
5,30,19
5,31,21
5,32,17
5,33,20
5,34,21
5,35,21
5,36,19
5,37,20
5,38,18
5,39,17
6,0,38
6,1,33
6,2,29
6,3,26
6,4,19
6,5,28
6,6,23
6,7,22
6,8,14
6,9,17
6,10,22
6,11,25
6,12,17
6,13,19
6,14,25
6,15,21
6,16,14
6,17,15
6,18,23
6,19,22
6,20,24
6,21,20
6,22,17
6,23,19
6,24,20
6,25,18
6,26,16
6,27,21
6,28,21
6,29,22
6,30,22
6,31,18
6,32,21
6,33,21
6,34,21
6,35,20
6,36,19
6,37,20
6,38,20
6,39,18
7,0,30
7,1,23
7,2,21
7,3,19
7,4,16
7,5,19
7,6,21
7,7,11
7,8,23
7,9,19
7,10,20
7,11,23
7,12,15
7,13,9
7,14,18
7,15,19
7,16,19
7,17,18
7,18,21
7,19,23
7,20,22
7,21,22
7,22,22
7,23,20
7,24,17
7,25,20
7,26,15
7,27,18
7,28,19
7,29,22
7,30,23
7,31,19
7,32,20
7,33,20
7,34,21
7,35,18
7,36,17
7,37,18
7,38,18
7,39,18
8,0,38
8,1,35
8,2,30
8,3,23
8,4,20
8,5,19
8,6,20
8,7,23
8,8,23
8,9,22
8,10,20
8,11,20
8,12,21
8,13,12
8,14,18
8,15,19
8,16,14
8,17,16
8,18,23
8,19,21
8,20,20
8,21,19
8,22,22
8,23,18
8,24,16
8,25,17
8,26,19
8,27,22
8,28,22
8,29,21
8,30,21
8,31,23
8,32,21
8,33,17
8,34,18
8,35,19
8,36,18
8,37,20
8,38,19
8,39,18
9,0,35
9,1,24
9,2,21
9,3,18
9,4,16
9,5,11
9,6,8
9,7,24
9,8,25
9,9,24
9,10,22
9,11,18
9,12,24
9,13,18
9,14,20
9,15,23
9,16,14
9,17,16
9,18,19
9,19,18
9,20,23
9,21,26
9,22,22
9,23,19
9,24,19
9,25,19
9,26,22
9,27,21
9,28,19
9,29,19
9,30,20
9,31,19
9,32,21
9,33,23
9,34,20
9,35,19
9,36,18
9,37,20
9,38,19
9,39,17
10,0,34
10,1,28
10,2,26
10,3,24
10,4,30
10,5,23
10,6,22
10,7,25
10,8,16
10,9,1
10,10,21
10,11,13
10,12,20
10,13,17
10,14,22
10,15,21
10,16,18
10,17,17
10,18,22
10,19,24
10,20,22
10,21,21
10,22,16
10,23,16
10,24,19
10,25,17
10,26,18
10,27,17
10,28,19
10,29,19
10,30,16
10,31,19
10,32,21
10,33,19
10,34,23
10,35,18
10,36,14
10,37,19
10,38,19
10,39,19
11,0,37
11,1,32
11,2,28
11,3,30
11,4,26
11,5,20
11,6,21
11,7,22
11,8,27
11,9,25
11,10,24
11,11,19
11,12,26
11,13,22
11,14,19
11,15,20
11,16,11
11,17,19
11,18,20
11,19,20
11,20,22
11,21,18
11,22,16
11,23,17
11,24,16
11,25,21
11,26,18
11,27,17
11,28,18
11,29,17
11,30,20
11,31,20
11,32,21
11,33,16
11,34,16
11,35,20
11,36,20
11,37,18
11,38,21
11,39,19
12,0,28
12,1,29
12,2,22
12,3,12
12,4,21
12,5,26
12,6,23
12,7,20
12,8,18
12,9,23
12,10,22
12,11,14
12,12,20
12,13,19
12,14,12
12,15,19
12,16,18
12,17,18
12,18,21
12,19,19
12,20,19
12,21,18
12,22,20
12,23,16
12,24,14
12,25,20
12,26,22
12,27,19
12,28,20
12,29,22
12,30,20
12,31,17
12,32,19
12,33,18
12,34,19
12,35,19
12,36,16
12,37,15
12,38,19
12,39,20
13,0,31
13,1,29
13,2,28
13,3,23
13,4,20
13,5,16
13,6,22
13,7,24
13,8,24
13,9,21
13,10,17
13,11,15
13,12,18
13,13,17
13,14,20
13,15,15
13,16,20
13,17,18
13,18,14
13,19,18
13,20,18
13,21,18
13,22,20
13,23,18
13,24,17
13,25,16
13,26,22
13,27,21
13,28,17
13,29,19
13,30,23
13,31,22
13,32,20
13,33,15
13,34,17
13,35,19
13,36,18
13,37,20
13,38,17
13,39,19
14,0,34
14,1,24
14,2,14
14,3,14
14,4,17
14,5,19
14,6,18
14,7,16
14,8,20
14,9,15
14,10,21
14,11,23
14,12,16
14,13,20
14,14,18
14,15,17
14,16,20
14,17,20
14,18,15
14,19,17
14,20,21
14,21,22
14,22,21
14,23,24
14,24,23
14,25,15
14,26,16
14,27,20
14,28,19
14,29,19
14,30,16
14,31,21
14,32,20
14,33,16
14,34,20
14,35,18
14,36,18
14,37,20
14,38,20
14,39,21
15,0,33
15,1,25
15,2,20
15,3,24
15,4,24
15,5,24
15,6,27
15,7,21
15,8,18
15,9,14
15,10,18
15,11,18
15,12,8
15,13,18
15,14,18
15,15,13
15,16,15
15,17,17
15,18,17
15,19,20
15,20,21
15,21,21
15,22,22
15,23,21
15,24,23
15,25,20
15,26,22
15,27,15
15,28,22
15,29,22
15,30,19
15,31,21
15,32,18
15,33,17
15,34,19
15,35,21
15,36,18
15,37,18
15,38,16
15,39,16
16,0,33
16,1,33
16,2,26
16,3,28
16,4,23
16,5,14
16,6,18
16,7,7
16,8,26
16,9,24
16,10,22
16,11,16
16,12,16
16,13,23
16,14,23
16,15,22
16,16,16
16,17,12
16,18,21
16,19,19
16,20,20
16,21,18
16,22,22
16,23,19
16,24,22
16,25,20
16,26,23
16,27,17
16,28,19
16,29,19
16,30,18
16,31,19
16,32,19
16,33,19
16,34,19
16,35,19
16,36,21
16,37,17
16,38,18
16,39,20
17,0,41
17,1,36
17,2,27
17,3,16
17,4,17
17,5,17
17,6,22
17,7,28
17,8,20
17,9,20
17,10,18
17,11,21
17,12,22
17,13,22
17,14,17
17,15,15
17,16,22
17,17,19
17,18,18
17,19,18
17,20,20
17,21,19
17,22,19
17,23,17
17,24,21
17,25,23
17,26,22
17,27,17
17,28,18
17,29,19
17,30,17
17,31,17
17,32,20
17,33,20
17,34,15
17,35,17
17,36,18
17,37,17
17,38,17
17,39,17
18,0,36
18,1,23
18,2,25
18,3,30
18,4,28
18,5,17
18,6,18
18,7,23
18,8,22
18,9,21
18,10,18
18,11,22
18,12,20
18,13,22
18,14,19
18,15,20
18,16,20
18,17,14
18,18,15
18,19,17
18,20,16
18,21,22
18,22,19
18,23,17
18,24,25
18,25,22
18,26,20
18,27,22
18,28,19
18,29,20
18,30,17
18,31,17
18,32,17
18,33,18
18,34,18
18,35,20
18,36,18
18,37,18
18,38,18
18,39,16
19,0,41
19,1,29
19,2,19
19,3,16
19,4,21
19,5,26
19,6,21
19,7,21
19,8,20
19,9,22
19,10,22
19,11,22
19,12,24
19,13,21
19,14,23
19,15,16
19,16,17
19,17,24
19,18,21
19,19,23
19,20,26
19,21,20
19,22,20
19,23,23
19,24,19
19,25,21
19,26,21
19,27,19
19,28,19
19,29,19
19,30,18
19,31,16
19,32,18
19,33,17
19,34,18
19,35,20
19,36,20
19,37,19
19,38,18
19,39,17
20,0,40
20,1,29
20,2,24
20,3,27
20,4,27
20,5,23
20,6,15
20,7,21
20,8,22
20,9,23
20,10,23
20,11,22
20,12,25
20,13,11
20,14,14
20,15,17
20,16,21
20,17,22
20,18,17
20,19,20
20,20,20
20,21,17
20,22,19
20,23,22
20,24,20
20,25,20
20,26,22
20,27,20
20,28,17
20,29,20
20,30,20
20,31,17
20,32,17
20,33,20
20,34,22
20,35,21
20,36,20
20,37,19
20,38,20
20,39,18
21,0,24
21,1,25
21,2,26
21,3,23
21,4,20
21,5,21
21,6,24
21,7,17
21,8,20
21,9,18
21,10,21
21,11,21
21,12,20
21,13,16
21,14,9
21,15,12
21,16,23
21,17,17
21,18,20
21,19,22
21,20,21
21,21,20
21,22,22
21,23,21
21,24,15
21,25,23
21,26,22
21,27,19
21,28,20
21,29,21
21,30,18
21,31,19
21,32,21
21,33,18
21,34,18
21,35,18
21,36,15
21,37,18
21,38,18
21,39,18
22,0,29
22,1,21
22,2,25
22,3,25
22,4,22
22,5,17
22,6,20
22,7,15
22,8,13
22,9,12
22,10,19
22,11,21
22,12,18
22,13,19
22,14,22
22,15,21
22,16,22
22,17,24
22,18,23
22,19,20
22,20,20
22,21,22
22,22,18
22,23,22
22,24,23
22,25,21
22,26,19
22,27,23
22,28,24
22,29,20
22,30,18
22,31,18
22,32,20
22,33,19
22,34,15
22,35,20
22,36,20
22,37,18
22,38,17
22,39,18
23,0,33
23,1,32
23,2,31
23,3,20
23,4,25
23,5,26
23,6,17
23,7,15
23,8,21
23,9,20
23,10,15
23,11,22
23,12,19
23,13,18
23,14,22
23,15,22
23,16,19
23,17,22
23,18,22
23,19,19
23,20,15
23,21,21
23,22,21
23,23,21
23,24,18
23,25,13
23,26,19
23,27,21
23,28,19
23,29,21
23,30,17
23,31,20
23,32,23
23,33,19
23,34,20
23,35,20
23,36,22
23,37,16
23,38,18
23,39,18
24,0,39
24,1,35
24,2,24
24,3,24
24,4,23
24,5,18
24,6,22
24,7,18
24,8,23
24,9,24
24,10,26
24,11,27
24,12,23
24,13,20
24,14,19
24,15,12
24,16,14
24,17,17
24,18,21
24,19,21
24,20,22
24,21,20
24,22,16
24,23,22
24,24,23
24,25,17
24,26,17
24,27,23
24,28,23
24,29,17
24,30,21
24,31,22
24,32,20
24,33,17
24,34,19
24,35,15
24,36,19
24,37,18
24,38,16
24,39,12
25,0,30
25,1,24
25,2,24
25,3,24
25,4,29
25,5,27
25,6,21
25,7,22
25,8,25
25,9,24
25,10,24
25,11,22
25,12,15
25,13,20
25,14,24
25,15,22
25,16,23
25,17,20
25,18,20
25,19,22
25,20,20
25,21,18
25,22,20
25,23,21
25,24,20
25,25,21
25,26,16
25,27,16
25,28,19
25,29,20
25,30,19
25,31,20
25,32,18
25,33,19
25,34,18
25,35,19
25,36,19
25,37,18
25,38,18
25,39,18
26,0,35
26,1,30
26,2,29
26,3,29
26,4,24
26,5,23
26,6,17
26,7,23
26,8,18
26,9,17
26,10,16
26,11,21
26,12,21
26,13,22
26,14,19
26,15,17
26,16,20
26,17,20
26,18,20
26,19,22
26,20,19
26,21,20
26,22,21
26,23,19
26,24,18
26,25,22
26,26,21
26,27,19
26,28,21
26,29,21
26,30,18
26,31,18
26,32,18
26,33,18
26,34,17
26,35,18
26,36,16
26,37,17
26,38,19
26,39,16
27,0,36
27,1,23
27,2,18
27,3,20
27,4,18
27,5,28
27,6,30
27,7,27
27,8,19
27,9,15
27,10,17
27,11,17
27,12,19
27,13,16
27,14,16
27,15,17
27,16,17
27,17,23
27,18,22
27,19,20
27,20,20
27,21,20
27,22,23
27,23,21
27,24,21
27,25,21
27,26,19
27,27,22
27,28,14
27,29,17
27,30,18
27,31,18
27,32,20
27,33,20
27,34,18
27,35,17
27,36,17
27,37,18
27,38,18
27,39,18
28,0,41
28,1,35
28,2,30
28,3,29
28,4,20
28,5,-2
28,6,18
28,7,14
28,8,23
28,9,23
28,10,20
28,11,21
28,12,25
28,13,15
28,14,12
28,15,23
28,16,21
28,17,18
28,18,21
28,19,23
28,20,20
28,21,20
28,22,24
28,23,23
28,24,21
28,25,19
28,26,24
28,27,22
28,28,18
28,29,18
28,30,21
28,31,20
28,32,20
28,33,20
28,34,19
28,35,17
28,36,16
28,37,18
28,38,19
28,39,19
29,0,24
29,1,25
29,2,26
29,3,30
29,4,29
29,5,22
29,6,26
29,7,22
29,8,23
29,9,23
29,10,19
29,11,22
29,12,22
29,13,21
29,14,19
29,15,16
29,16,21
29,17,16
29,18,16
29,19,19
29,20,19
29,21,20
29,22,19
29,23,21
29,24,21
29,25,21
29,26,20
29,27,23
29,28,21
29,29,21
29,30,20
29,31,19
29,32,17
29,33,18
29,34,21
29,35,19
29,36,17
29,37,17
29,38,20
29,39,16
30,0,38
30,1,37
30,2,28
30,3,30
30,4,24
30,5,15
30,6,17
30,7,17
30,8,23
30,9,21
30,10,12
30,11,18
30,12,19
30,13,18
30,14,19
30,15,17
30,16,23
30,17,22
30,18,22
30,19,22
30,20,13
30,21,16
30,22,19
30,23,20
30,24,21
30,25,20
30,26,18
30,27,22
30,28,19
30,29,20
30,30,21
30,31,20
30,32,19
30,33,18
30,34,17
30,35,19
30,36,18
30,37,18
30,38,19
30,39,18
31,0,42
31,1,27
31,2,20
31,3,17
31,4,17
31,5,19
31,6,25
31,7,25
31,8,21
31,9,22
31,10,20
31,11,17
31,12,18
31,13,21
31,14,18
31,15,13
31,16,17
31,17,21
31,18,20
31,19,23
31,20,19
31,21,19
31,22,21
31,23,21
31,24,19
31,25,18
31,26,18
31,27,15
31,28,18
31,29,19
31,30,20
31,31,22
31,32,20
31,33,21
31,34,15
31,35,18
31,36,19
31,37,21
31,38,18
31,39,18
32,0,37
32,1,28
32,2,27
32,3,12
32,4,20
32,5,27
32,6,28
32,7,28
32,8,23
32,9,14
32,10,18
32,11,16
32,12,23
32,13,21
32,14,20
32,15,20
32,16,17
32,17,21
32,18,21
32,19,22
32,20,19
32,21,19
32,22,16
32,23,19
32,24,22
32,25,21
32,26,21
32,27,18
32,28,17
32,29,20
32,30,22
32,31,18
32,32,17
32,33,20
32,34,21
32,35,18
32,36,17
32,37,18
32,38,18
32,39,20
33,0,31
33,1,19
33,2,32
33,3,20
33,4,18
33,5,20
33,6,22
33,7,20
33,8,12
33,9,18
33,10,25
33,11,18
33,12,19
33,13,21
33,14,21
33,15,19
33,16,10
33,17,7
33,18,17
33,19,17
33,20,20
33,21,20
33,22,20
33,23,20
33,24,22
33,25,18
33,26,18
33,27,18
33,28,20
33,29,19
33,30,19
33,31,19
33,32,17
33,33,20
33,34,19
33,35,19
33,36,19
33,37,18
33,38,17
33,39,18
34,0,29
34,1,31
34,2,28
34,3,18
34,4,25
34,5,22
34,6,23
34,7,22
34,8,18
34,9,18
34,10,21
34,11,20
34,12,19
34,13,23
34,14,23
34,15,21
34,16,19
34,17,15
34,18,14
34,19,17
34,20,20
34,21,23
34,22,15
34,23,22
34,24,19
34,25,19
34,26,18
34,27,17
34,28,20
34,29,17
34,30,16
34,31,20
34,32,20
34,33,20
34,34,17
34,35,18
34,36,20
34,37,18
34,38,17
34,39,18
35,0,35
35,1,31
35,2,27
35,3,26
35,4,23
35,5,28
35,6,17
35,7,17
35,8,18
35,9,18
35,10,17
35,11,14
35,12,22
35,13,21
35,14,18
35,15,21
35,16,23
35,17,22
35,18,22
35,19,21
35,20,19
35,21,19
35,22,19
35,23,20
35,24,22
35,25,21
35,26,21
35,27,19
35,28,20
35,29,23
35,30,18
35,31,18
35,32,22
35,33,19
35,34,17
35,35,15
35,36,18
35,37,21
35,38,20
35,39,17
36,0,27
36,1,31
36,2,25
36,3,27
36,4,24
36,5,13
36,6,20
36,7,19
36,8,20
36,9,20
36,10,11
36,11,14
36,12,13
36,13,19
36,14,23
36,15,22
36,16,16
36,17,20
36,18,22
36,19,18
36,20,17
36,21,16
36,22,18
36,23,22
36,24,22
36,25,22
36,26,16
36,27,22
36,28,18
36,29,18
36,30,16
36,31,19
36,32,23
36,33,20
36,34,19
36,35,20
36,36,18
36,37,18
36,38,18
36,39,19
37,0,30
37,1,29
37,2,26
37,3,19
37,4,2
37,5,20
37,6,23
37,7,19
37,8,23
37,9,23
37,10,15
37,11,19
37,12,15
37,13,22
37,14,22
37,15,20
37,16,22
37,17,23
37,18,19
37,19,18
37,20,23
37,21,17
37,22,17
37,23,15
37,24,20
37,25,20
37,26,19
37,27,21
37,28,18
37,29,17
37,30,23
37,31,22
37,32,20
37,33,18
37,34,20
37,35,16
37,36,18
37,37,18
37,38,17
37,39,18
38,0,34
38,1,23
38,2,18
38,3,18
38,4,13
38,5,15
38,6,24
38,7,22
38,8,16
38,9,21
38,10,21
38,11,20
38,12,17
38,13,18
38,14,22
38,15,21
38,16,17
38,17,22
38,18,22
38,19,21
38,20,20
38,21,17
38,22,18
38,23,17
38,24,17
38,25,14
38,26,20
38,27,19
38,28,21
38,29,18
38,30,16
38,31,19
38,32,20
38,33,20
38,34,20
38,35,20
38,36,17
38,37,17
38,38,18
38,39,19
39,0,31
39,1,28
39,2,24
39,3,29
39,4,25
39,5,24
39,6,27
39,7,20
39,8,16
39,9,26
39,10,23
39,11,21
39,12,18
39,13,19
39,14,20
39,15,21
39,16,20
39,17,16
39,18,21
39,19,20
39,20,22
39,21,20
39,22,18
39,23,18
39,24,21
39,25,20
39,26,20
39,27,21
39,28,15
39,29,16
39,30,19
39,31,17
39,32,17
39,33,19
39,34,17
39,35,20
39,36,19
39,37,20
39,38,18
39,39,20
40,0,35
40,1,28
40,2,28
40,3,22
40,4,16
40,5,17
40,6,26
40,7,26
40,8,16
40,9,14
40,10,20
40,11,24
40,12,21
40,13,18
40,14,17
40,15,19
40,16,17
40,17,25
40,18,21
40,19,20
40,20,19
40,21,16
40,22,20
40,23,19
40,24,18
40,25,20
40,26,19
40,27,18
40,28,22
40,29,20
40,30,22
40,31,20
40,32,20
40,33,20
40,34,19
40,35,17
40,36,17
40,37,20
40,38,20
40,39,21
41,0,30
41,1,25
41,2,21
41,3,20
41,4,22
41,5,26
41,6,20
41,7,16
41,8,19
41,9,15
41,10,20
41,11,18
41,12,20
41,13,23
41,14,22
41,15,24
41,16,21
41,17,21
41,18,17
41,19,25
41,20,21
41,21,20
41,22,22
41,23,24
41,24,23
41,25,20
41,26,15
41,27,16
41,28,18
41,29,15
41,30,17
41,31,21
41,32,19
41,33,19
41,34,18
41,35,19
41,36,22
41,37,19
41,38,18
41,39,18
42,0,36
42,1,32
42,2,25
42,3,20
42,4,20
42,5,18
42,6,16
42,7,17
42,8,15
42,9,21
42,10,21
42,11,18
42,12,23
42,13,22
42,14,16
42,15,19
42,16,23
42,17,20
42,18,22
42,19,22
42,20,20
42,21,22
42,22,18
42,23,20
42,24,19
42,25,19
42,26,18
42,27,20
42,28,19
42,29,20
42,30,20
42,31,20
42,32,17
42,33,19
42,34,20
42,35,19
42,36,20
42,37,16
42,38,17
42,39,21
43,0,34
43,1,33
43,2,29
43,3,20
43,4,25
43,5,21
43,6,21
43,7,22
43,8,19
43,9,16
43,10,13
43,11,19
43,12,22
43,13,16
43,14,21
43,15,22
43,16,22
43,17,18
43,18,18
43,19,17
43,20,20
43,21,22
43,22,21
43,23,21
43,24,21
43,25,20
43,26,20
43,27,19
43,28,22
43,29,21
43,30,20
43,31,19
43,32,19
43,33,19
43,34,19
43,35,15
43,36,18
43,37,18
43,38,19
43,39,20
44,0,31
44,1,30
44,2,23
44,3,26
44,4,27
44,5,17
44,6,20
44,7,25
44,8,17
44,9,20
44,10,23
44,11,17
44,12,15
44,13,16
44,14,14
44,15,16
44,16,17
44,17,20
44,18,17
44,19,18
44,20,20
44,21,23
44,22,21
44,23,21
44,24,20
44,25,20
44,26,17
44,27,21
44,28,20
44,29,19
44,30,19
44,31,20
44,32,21
44,33,17
44,34,20
44,35,18
44,36,20
44,37,18
44,38,19
44,39,19
45,0,35
45,1,31
45,2,26
45,3,23
45,4,17
45,5,19
45,6,25
45,7,16
45,8,23
45,9,20
45,10,16
45,11,19
45,12,19
45,13,21
45,14,25
45,15,14
45,16,18
45,17,22
45,18,19
45,19,24
45,20,22
45,21,21
45,22,18
45,23,13
45,24,19
45,25,21
45,26,23
45,27,20
45,28,19
45,29,19
45,30,18
45,31,18
45,32,20
45,33,19
45,34,20
45,35,17
45,36,16
45,37,18
45,38,18
45,39,17
46,0,33
46,1,26
46,2,22
46,3,21
46,4,15
46,5,21
46,6,20
46,7,18
46,8,21
46,9,18
46,10,17
46,11,14
46,12,18
46,13,16
46,14,19
46,15,19
46,16,20
46,17,19
46,18,18
46,19,18
46,20,18
46,21,16
46,22,18
46,23,19
46,24,23
46,25,21
46,26,19
46,27,17
46,28,15
46,29,18
46,30,19
46,31,21
46,32,19
46,33,18
46,34,20
46,35,21
46,36,21
46,37,20
46,38,18
46,39,19
47,0,32
47,1,24
47,2,19
47,3,25
47,4,24
47,5,20
47,6,18
47,7,12
47,8,15
47,9,21
47,10,15
47,11,13
47,12,19
47,13,20
47,14,20
47,15,17
47,16,19
47,17,21
47,18,15
47,19,17
47,20,20
47,21,16
47,22,16
47,23,18
47,24,21
47,25,17
47,26,17
47,27,19
47,28,20
47,29,17
47,30,17
47,31,21
47,32,18
47,33,21
47,34,21
47,35,17
47,36,17
47,37,19
47,38,18
47,39,18
48,0,35
48,1,28
48,2,22
48,3,30
48,4,26
48,5,27
48,6,12
48,7,7
48,8,20
48,9,25
48,10,17
48,11,24
48,12,16
48,13,17
48,14,15
48,15,23
48,16,17
48,17,15
48,18,19
48,19,23
48,20,19
48,21,18
48,22,18
48,23,22
48,24,19
48,25,18
48,26,19
48,27,21
48,28,20
48,29,20
48,30,20
48,31,21
48,32,18
48,33,21
48,34,20
48,35,16
48,36,20
48,37,18
48,38,18
48,39,19
49,0,42
49,1,29
49,2,22
49,3,27
49,4,27
49,5,20
49,6,16
49,7,16
49,8,12
49,9,20
49,10,18
49,11,25
49,12,15
49,13,20
49,14,19
49,15,18
49,16,21
49,17,16
49,18,17
49,19,22
49,20,18
49,21,22
49,22,21
49,23,21
49,24,22
49,25,19
49,26,20
49,27,20
49,28,19
49,29,20
49,30,19
49,31,19
49,32,18
49,33,17
49,34,20
49,35,17
49,36,17
49,37,17
49,38,15
49,39,17
50,0,35
50,1,31
50,2,31
50,3,23
50,4,25
50,5,24
50,6,17
50,7,16
50,8,23
50,9,18
50,10,14
50,11,20
50,12,18
50,13,16
50,14,19
50,15,22
50,16,26
50,17,22
50,18,18
50,19,17
50,20,10
50,21,16
50,22,24
50,23,20
50,24,24
50,25,22
50,26,22
50,27,20
50,28,18
50,29,19
50,30,22
50,31,19
50,32,19
50,33,22
50,34,18
50,35,18
50,36,18
50,37,19
50,38,19
50,39,18
51,0,38
51,1,26
51,2,23
51,3,15
51,4,21
51,5,14
51,6,20
51,7,30
51,8,27
51,9,17
51,10,22
51,11,19
51,12,13
51,13,22
51,14,21
51,15,23
51,16,19
51,17,21
51,18,19
51,19,19
51,20,22
51,21,19
51,22,21
51,23,22
51,24,24
51,25,21
51,26,19
51,27,17
51,28,17
51,29,20
51,30,20
51,31,18
51,32,17
51,33,16
51,34,17
51,35,17
51,36,18
51,37,17
51,38,18
51,39,17
52,0,40
52,1,27
52,2,24
52,3,29
52,4,22
52,5,22
52,6,21
52,7,23
52,8,19
52,9,16
52,10,23
52,11,21
52,12,21
52,13,18
52,14,19
52,15,18
52,16,24
52,17,18
52,18,22
52,19,26
52,20,21
52,21,20
52,22,20
52,23,19
52,24,19
52,25,18
52,26,16
52,27,22
52,28,23
52,29,18
52,30,19
52,31,20
52,32,19
52,33,20
52,34,21
52,35,20
52,36,15
52,37,16
52,38,18
52,39,18
53,0,36
53,1,30
53,2,26
53,3,27
53,4,22
53,5,26
53,6,23
53,7,18
53,8,22
53,9,25
53,10,20
53,11,21
53,12,23
53,13,17
53,14,16
53,15,18
53,16,21
53,17,19
53,18,19
53,19,20
53,20,21
53,21,23
53,22,22
53,23,20
53,24,16
53,25,17
53,26,18
53,27,17
53,28,18
53,29,16
53,30,21
53,31,21
53,32,18
53,33,20
53,34,16
53,35,14
53,36,18
53,37,18
53,38,20
53,39,17
54,0,26
54,1,29
54,2,28
54,3,23
54,4,25
54,5,15
54,6,20
54,7,22
54,8,22
54,9,24
54,10,12
54,11,16
54,12,23
54,13,20
54,14,23
54,15,21
54,16,21
54,17,22
54,18,15
54,19,15
54,20,17
54,21,18
54,22,21
54,23,20
54,24,19
54,25,23
54,26,21
54,27,19
54,28,18
54,29,16
54,30,23
54,31,21
54,32,17
54,33,22
54,34,23
54,35,17
54,36,17
54,37,20
54,38,18
54,39,19
55,0,39
55,1,28
55,2,23
55,3,22
55,4,23
55,5,26
55,6,28
55,7,25
55,8,22
55,9,22
55,10,17
55,11,22
55,12,19
55,13,20
55,14,19
55,15,17
55,16,20
55,17,14
55,18,18
55,19,22
55,20,17
55,21,22
55,22,21
55,23,21
55,24,15
55,25,15
55,26,21
55,27,20
55,28,22
55,29,21
55,30,22
55,31,22
55,32,19
55,33,14
55,34,16
55,35,19
55,36,18
55,37,20
55,38,19
55,39,16
56,0,36
56,1,23
56,2,23
56,3,28
56,4,26
56,5,26
56,6,26
56,7,23
56,8,26
56,9,22
56,10,23
56,11,18
56,12,19
56,13,17
56,14,21
56,15,19
56,16,18
56,17,16
56,18,16
56,19,18
56,20,19
56,21,21
56,22,21
56,23,18
56,24,17
56,25,20
56,26,20
56,27,17
56,28,18
56,29,17
56,30,23
56,31,21
56,32,20
56,33,20
56,34,19
56,35,18
56,36,18
56,37,19
56,38,19
56,39,19
57,0,36
57,1,31
57,2,26
57,3,29
57,4,26
57,5,23
57,6,24
57,7,19
57,8,15
57,9,15
57,10,19
57,11,14
57,12,13
57,13,26
57,14,18
57,15,16
57,16,16
57,17,20
57,18,18
57,19,19
57,20,17
57,21,16
57,22,19
57,23,20
57,24,20
57,25,21
57,26,20
57,27,18
57,28,19
57,29,16
57,30,19
57,31,20
57,32,21
57,33,21
57,34,20
57,35,15
57,36,17
57,37,19
57,38,18
57,39,21
58,0,39
58,1,37
58,2,29
58,3,20
58,4,22
58,5,30
58,6,27
58,7,15
58,8,21
58,9,17
58,10,19
58,11,18
58,12,7
58,13,19
58,14,22
58,15,17
58,16,17
58,17,24
58,18,23
58,19,16
58,20,20
58,21,23
58,22,16
58,23,23
58,24,22
58,25,22
58,26,21
58,27,21
58,28,19
58,29,13
58,30,18
58,31,18
58,32,21
58,33,22
58,34,17
58,35,20
58,36,19
58,37,18
58,38,19
58,39,18
59,0,32
59,1,21
59,2,21
59,3,18
59,4,21
59,5,15
59,6,20
59,7,19
59,8,14
59,9,17
59,10,19
59,11,17
59,12,22
59,13,21
59,14,17
59,15,17
59,16,21
59,17,22
59,18,21
59,19,10
59,20,20
59,21,21
59,22,22
59,23,21
59,24,23
59,25,20
59,26,22
59,27,20
59,28,17
59,29,18
59,30,20
59,31,23
59,32,20
59,33,20
59,34,20
59,35,20
59,36,18
59,37,19
59,38,19
59,39,17
60,0,34
60,1,38
60,2,33
60,3,17
60,4,24
60,5,21
60,6,19
60,7,25
60,8,22
60,9,24
60,10,22
60,11,14
60,12,18
60,13,16
60,14,17
60,15,22
60,16,17
60,17,22
60,18,22
60,19,22
60,20,24
60,21,17
60,22,17
60,23,18
60,24,22
60,25,22
60,26,20
60,27,17
60,28,17
60,29,20
60,30,19
60,31,17
60,32,19
60,33,19
60,34,19
60,35,21
60,36,19
60,37,19
60,38,18
60,39,17
61,0,32
61,1,30
61,2,25
61,3,30
61,4,27
61,5,21
61,6,20
61,7,18
61,8,19
61,9,20
61,10,21
61,11,21
61,12,17
61,13,21
61,14,18
61,15,16
61,16,19
61,17,21
61,18,21
61,19,19
61,20,17
61,21,19
61,22,20
61,23,22
61,24,21
61,25,20
61,26,19
61,27,21
61,28,20
61,29,18
61,30,18
61,31,15
61,32,20
61,33,20
61,34,20
61,35,21
61,36,21
61,37,20
61,38,17
61,39,20
62,0,33
62,1,30
62,2,19
62,3,12
62,4,13
62,5,19
62,6,20
62,7,17
62,8,16
62,9,20
62,10,23
62,11,21
62,12,20
62,13,20
62,14,26
62,15,23
62,16,17
62,17,18
62,18,13
62,19,17
62,20,16
62,21,22
62,22,20
62,23,17
62,24,19
62,25,22
62,26,20
62,27,20
62,28,22
62,29,19
62,30,16
62,31,17
62,32,19
62,33,21
62,34,21
62,35,16
62,36,16
62,37,17
62,38,20
62,39,19
63,0,34
63,1,26
63,2,18
63,3,12
63,4,22
63,5,23
63,6,24
63,7,19
63,8,17
63,9,20
63,10,26
63,11,21
63,12,16
63,13,20
63,14,13
63,15,21
63,16,22
63,17,18
63,18,17
63,19,18
63,20,20
63,21,18
63,22,20
63,23,21
63,24,22
63,25,21
63,26,20
63,27,20
63,28,19
63,29,20
63,30,20
63,31,19
63,32,16
63,33,14
63,34,19
63,35,18
63,36,19
63,37,20
63,38,19
63,39,21
64,0,26
64,1,18
64,2,19
64,3,21
64,4,26
64,5,21
64,6,22
64,7,24
64,8,24
64,9,21
64,10,26
64,11,18
64,12,18
64,13,21
64,14,17
64,15,20
64,16,18
64,17,21
64,18,12
64,19,19
64,20,19
64,21,19
64,22,20
64,23,20
64,24,22
64,25,18
64,26,20
64,27,23
64,28,22
64,29,19
64,30,18
64,31,17
64,32,15
64,33,21
64,34,21
64,35,23
64,36,20
64,37,19
64,38,20
64,39,18
65,0,38
65,1,27
65,2,24
65,3,23
65,4,18
65,5,21
65,6,16
65,7,15
65,8,12
65,9,17
65,10,15
65,11,17
65,12,19
65,13,13
65,14,21
65,15,20
65,16,19
65,17,20
65,18,21
65,19,21
65,20,20
65,21,19
65,22,17
65,23,19
65,24,23
65,25,20
65,26,20
65,27,20
65,28,21
65,29,19
65,30,13
65,31,17
65,32,17
65,33,19
65,34,17
65,35,19
65,36,19
65,37,19
65,38,18
65,39,17
66,0,35
66,1,31
66,2,27
66,3,25
66,4,19
66,5,25
66,6,26
66,7,20
66,8,17
66,9,16
66,10,22
66,11,18
66,12,13
66,13,21
66,14,19
66,15,21
66,16,20
66,17,21
66,18,21
66,19,24
66,20,20
66,21,19
66,22,20
66,23,22
66,24,23
66,25,22
66,26,21
66,27,20
66,28,22
66,29,19
66,30,17
66,31,18
66,32,21
66,33,19
66,34,20
66,35,24
66,36,20
66,37,20
66,38,19
66,39,16
67,0,34
67,1,32
67,2,20
67,3,23
67,4,22
67,5,20
67,6,19
67,7,22
67,8,24
67,9,20
67,10,21
67,11,21
67,12,17
67,13,18
67,14,19
67,15,17
67,16,11
67,17,22
67,18,20
67,19,21
67,20,17
67,21,14
67,22,17
67,23,19
67,24,22
67,25,22
67,26,18
67,27,17
67,28,18
67,29,22
67,30,20
67,31,22
67,32,16
67,33,16
67,34,17
67,35,18
67,36,20
67,37,20
67,38,19
67,39,17
68,0,40
68,1,37
68,2,28
68,3,18
68,4,23
68,5,21
68,6,16
68,7,17
68,8,22
68,9,23
68,10,14
68,11,19
68,12,19
68,13,23
68,14,23
68,15,23
68,16,18
68,17,15
68,18,20
68,19,20
68,20,21
68,21,22
68,22,21
68,23,21
68,24,20
68,25,22
68,26,20
68,27,20
68,28,22
68,29,19
68,30,18
68,31,21
68,32,22
68,33,17
68,34,17
68,35,18
68,36,17
68,37,18
68,38,19
68,39,20
69,0,39
69,1,31
69,2,28
69,3,28
69,4,21
69,5,5
69,6,26
69,7,24
69,8,22
69,9,19
69,10,20
69,11,19
69,12,19
69,13,21
69,14,15
69,15,20
69,16,21
69,17,19
69,18,16
69,19,20
69,20,15
69,21,18
69,22,17
69,23,23
69,24,19
69,25,17
69,26,18
69,27,19
69,28,23
69,29,21
69,30,21
69,31,20
69,32,20
69,33,16
69,34,19
69,35,19
69,36,19
69,37,18
69,38,19
69,39,20
70,0,32
70,1,29
70,2,22
70,3,26
70,4,30
70,5,18
70,6,22
70,7,24
70,8,23
70,9,19
70,10,21
70,11,22
70,12,19
70,13,18
70,14,13
70,15,20
70,16,23
70,17,23
70,18,14
70,19,13
70,20,21
70,21,21
70,22,19
70,23,19
70,24,15
70,25,20
70,26,19
70,27,14
70,28,17
70,29,19
70,30,18
70,31,19
70,32,18
70,33,21
70,34,19
70,35,17
70,36,18
70,37,19
70,38,20
70,39,20
71,0,30
71,1,29
71,2,22
71,3,26
71,4,24
71,5,16
71,6,18
71,7,18
71,8,18
71,9,22
71,10,22
71,11,22
71,12,19
71,13,17
71,14,16
71,15,23
71,16,21
71,17,13
71,18,18
71,19,20
71,20,15
71,21,17
71,22,19
71,23,19
71,24,14
71,25,17
71,26,18
71,27,21
71,28,23
71,29,18
71,30,21
71,31,18
71,32,16
71,33,17
71,34,18
71,35,18
71,36,18
71,37,18
71,38,16
71,39,20
72,0,29
72,1,19
72,2,20
72,3,13
72,4,21
72,5,20
72,6,20
72,7,20
72,8,17
72,9,19
72,10,19
72,11,24
72,12,22
72,13,15
72,14,18
72,15,26
72,16,15
72,17,18
72,18,24
72,19,16
72,20,19
72,21,18
72,22,21
72,23,23
72,24,23
72,25,18
72,26,19
72,27,17
72,28,19
72,29,15
72,30,16
72,31,23
72,32,22
72,33,18
72,34,18
72,35,16
72,36,20
72,37,21
72,38,19
72,39,19
73,0,28
73,1,30
73,2,29
73,3,27
73,4,20
73,5,12
73,6,19
73,7,24
73,8,14
73,9,24
73,10,26
73,11,20
73,12,20
73,13,21
73,14,18
73,15,23
73,16,20
73,17,17
73,18,20
73,19,18
73,20,16
73,21,17
73,22,22
73,23,24
73,24,20
73,25,18
73,26,19
73,27,20
73,28,19
73,29,21
73,30,20
73,31,18
73,32,19
73,33,22
73,34,20
73,35,19
73,36,17
73,37,17
73,38,18
73,39,14
74,0,37
74,1,39
74,2,31
74,3,17
74,4,18
74,5,23
74,6,18
74,7,16
74,8,20
74,9,19
74,10,23
74,11,24
74,12,22
74,13,19
74,14,18
74,15,27
74,16,19
74,17,21
74,18,15
74,19,20
74,20,17
74,21,17
74,22,19
74,23,20
74,24,23
74,25,19
74,26,17
74,27,20
74,28,22
74,29,20
74,30,19
74,31,20
74,32,19
74,33,16
74,34,17
74,35,17
74,36,18
74,37,17
74,38,22
74,39,19
75,0,38
75,1,27
75,2,15
75,3,27
75,4,30
75,5,23
75,6,18
75,7,17
75,8,26
75,9,23
75,10,16
75,11,21
75,12,21
75,13,21
75,14,20
75,15,15
75,16,18
75,17,18
75,18,18
75,19,21
75,20,21
75,21,23
75,22,22
75,23,18
75,24,19
75,25,17
75,26,19
75,27,20
75,28,21
75,29,21
75,30,20
75,31,19
75,32,17
75,33,18
75,34,20
75,35,18
75,36,22
75,37,18
75,38,19
75,39,20
76,0,35
76,1,28
76,2,21
76,3,25
76,4,21
76,5,17
76,6,19
76,7,24
76,8,20
76,9,22
76,10,20
76,11,24
76,12,21
76,13,20
76,14,20
76,15,14
76,16,17
76,17,20
76,18,21
76,19,21
76,20,24
76,21,21
76,22,17
76,23,16
76,24,20
76,25,21
76,26,17
76,27,19
76,28,21
76,29,21
76,30,19
76,31,17
76,32,20
76,33,15
76,34,19
76,35,21
76,36,21
76,37,18
76,38,20
76,39,19
77,0,33
77,1,27
77,2,22
77,3,21
77,4,27
77,5,20
77,6,19
77,7,23
77,8,29
77,9,25
77,10,15
77,11,12
77,12,20
77,13,12
77,14,23
77,15,26
77,16,21
77,17,17
77,18,21
77,19,23
77,20,21
77,21,22
77,22,21
77,23,18
77,24,19
77,25,21
77,26,17
77,27,17
77,28,18
77,29,19
77,30,19
77,31,17
77,32,17
77,33,19
77,34,16
77,35,18
77,36,18
77,37,19
77,38,16
77,39,15
78,0,32
78,1,26
78,2,22
78,3,26
78,4,28
78,5,23
78,6,26
78,7,25
78,8,24
78,9,24
78,10,20
78,11,10
78,12,22
78,13,26
78,14,15
78,15,14
78,16,24
78,17,22
78,18,16
78,19,19
78,20,22
78,21,21
78,22,18
78,23,19
78,24,20
78,25,22
78,26,22
78,27,18
78,28,17
78,29,19
78,30,19
78,31,17
78,32,20
78,33,20
78,34,17
78,35,21
78,36,19
78,37,20
78,38,20
78,39,18
79,0,31
79,1,20
79,2,13
79,3,27
79,4,25
79,5,13
79,6,19
79,7,15
79,8,22
79,9,19
79,10,20
79,11,16
79,12,9
79,13,17
79,14,27
79,15,26
79,16,17
79,17,16
79,18,19
79,19,23
79,20,21
79,21,19
79,22,19
79,23,21
79,24,23
79,25,19
79,26,18
79,27,19
79,28,18
79,29,15
79,30,19
79,31,21
79,32,19
79,33,21
79,34,20
79,35,19
79,36,18
79,37,17
79,38,17
79,39,16
80,0,37
80,1,34
80,2,30
80,3,30
80,4,24
80,5,19
80,6,29
80,7,20
80,8,28
80,9,22
80,10,22
80,11,24
80,12,20
80,13,19
80,14,22
80,15,25
80,16,22
80,17,18
80,18,17
80,19,15
80,20,18
80,21,20
80,22,13
80,23,14
80,24,23
80,25,21
80,26,18
80,27,20
80,28,20
80,29,22
80,30,22
80,31,19
80,32,19
80,33,19
80,34,19
80,35,21
80,36,16
80,37,18
80,38,18
80,39,20
81,0,36
81,1,33
81,2,23
81,3,30
81,4,27
81,5,17
81,6,16
81,7,16
81,8,20
81,9,15
81,10,12
81,11,18
81,12,22
81,13,24
81,14,25
81,15,24
81,16,16
81,17,18
81,18,20
81,19,16
81,20,20
81,21,23
81,22,21
81,23,18
81,24,22
81,25,20
81,26,15
81,27,20
81,28,20
81,29,20
81,30,17
81,31,21
81,32,21
81,33,19
81,34,19
81,35,21
81,36,19
81,37,19
81,38,20
81,39,18
82,0,41
82,1,30
82,2,17
82,3,22
82,4,19
82,5,28
82,6,15
82,7,20
82,8,12
82,9,20
82,10,23
82,11,23
82,12,20
82,13,21
82,14,23
82,15,23
82,16,19
82,17,18
82,18,19
82,19,19
82,20,18
82,21,22
82,22,20
82,23,19
82,24,20
82,25,19
82,26,15
82,27,17
82,28,20
82,29,20
82,30,18
82,31,17
82,32,19
82,33,20
82,34,19
82,35,18
82,36,17
82,37,19
82,38,18
82,39,19
83,0,32
83,1,25
83,2,30
83,3,30
83,4,25
83,5,23
83,6,20
83,7,19
83,8,19
83,9,18
83,10,19
83,11,16
83,12,16
83,13,23
83,14,22
83,15,23
83,16,24
83,17,21
83,18,18
83,19,21
83,20,21
83,21,18
83,22,20
83,23,20
83,24,20
83,25,18
83,26,18
83,27,21
83,28,18
83,29,14
83,30,17
83,31,18
83,32,17
83,33,18
83,34,17
83,35,15
83,36,18
83,37,18
83,38,19
83,39,18
84,0,35
84,1,34
84,2,26
84,3,18
84,4,19
84,5,29
84,6,23
84,7,24
84,8,21
84,9,20
84,10,21
84,11,19
84,12,20
84,13,20
84,14,20
84,15,21
84,16,21
84,17,21
84,18,22
84,19,22
84,20,18
84,21,20
84,22,21
84,23,22
84,24,24
84,25,20
84,26,21
84,27,19
84,28,14
84,29,20
84,30,22
84,31,20
84,32,19
84,33,19
84,34,16
84,35,20
84,36,16
84,37,19
84,38,17
84,39,17
85,0,30
85,1,20
85,2,25
85,3,30
85,4,22
85,5,17
85,6,16
85,7,25
85,8,27
85,9,25
85,10,26
85,11,23
85,12,24
85,13,22
85,14,19
85,15,23
85,16,17
85,17,21
85,18,19
85,19,20
85,20,20
85,21,18
85,22,21
85,23,15
85,24,16
85,25,21
85,26,22
85,27,19
85,28,21
85,29,20
85,30,19
85,31,21
85,32,18
85,33,15
85,34,20
85,35,20
85,36,21
85,37,19
85,38,15
85,39,17
86,0,37
86,1,28
86,2,26
86,3,0
86,4,19
86,5,22
86,6,18
86,7,16
86,8,12
86,9,7
86,10,16
86,11,19
86,12,16
86,13,22
86,14,20
86,15,20
86,16,15
86,17,19
86,18,19
86,19,20
86,20,24
86,21,22
86,22,20
86,23,25
86,24,20
86,25,20
86,26,19
86,27,17
86,28,20
86,29,19
86,30,18
86,31,17
86,32,17
86,33,17
86,34,19
86,35,18
86,36,17
86,37,18
86,38,17
86,39,16
87,0,38
87,1,32
87,2,32
87,3,29
87,4,27
87,5,29
87,6,26
87,7,22
87,8,24
87,9,19
87,10,20
87,11,16
87,12,22
87,13,22
87,14,16
87,15,18
87,16,18
87,17,20
87,18,21
87,19,22
87,20,22
87,21,18
87,22,22
87,23,22
87,24,18
87,25,19
87,26,25
87,27,17
87,28,15
87,29,18
87,30,21
87,31,19
87,32,16
87,33,17
87,34,19
87,35,17
87,36,20
87,37,17
87,38,18
87,39,17
88,0,35
88,1,29
88,2,28
88,3,21
88,4,19
88,5,22
88,6,16
88,7,13
88,8,16
88,9,19
88,10,17
88,11,24
88,12,17
88,13,23
88,14,21
88,15,22
88,16,22
88,17,20
88,18,20
88,19,19
88,20,16
88,21,21
88,22,21
88,23,16
88,24,18
88,25,19
88,26,16
88,27,20
88,28,20
88,29,19
88,30,19
88,31,18
88,32,18
88,33,20
88,34,19
88,35,19
88,36,20
88,37,17
88,38,18
88,39,18
89,0,35
89,1,32
89,2,27
89,3,22
89,4,21
89,5,16
89,6,19
89,7,23
89,8,22
89,9,19
89,10,19
89,11,14
89,12,20
89,13,20
89,14,24
89,15,23
89,16,22
89,17,19
89,18,16
89,19,18
89,20,21
89,21,25
89,22,23
89,23,20
89,24,25
89,25,21
89,26,19
89,27,19
89,28,18
89,29,18
89,30,18
89,31,21
89,32,19
89,33,16
89,34,18
89,35,17
89,36,21
89,37,19
89,38,18
89,39,19
90,0,34
90,1,30
90,2,26
90,3,20
90,4,19
90,5,15
90,6,23
90,7,19
90,8,23
90,9,22
90,10,16
90,11,17
90,12,16
90,13,20
90,14,23
90,15,26
90,16,21
90,17,18
90,18,14
90,19,19
90,20,16
90,21,22
90,22,23
90,23,19
90,24,21
90,25,18
90,26,13
90,27,21
90,28,20
90,29,19
90,30,19
90,31,19
90,32,20
90,33,21
90,34,20
90,35,18
90,36,19
90,37,18
90,38,18
90,39,18
91,0,38
91,1,29
91,2,21
91,3,21
91,4,19
91,5,17
91,6,14
91,7,19
91,8,22
91,9,19
91,10,24
91,11,21
91,12,16
91,13,7
91,14,15
91,15,18
91,16,23
91,17,19
91,18,19
91,19,18
91,20,17
91,21,20
91,22,20
91,23,20
91,24,21
91,25,19
91,26,19
91,27,19
91,28,17
91,29,18
91,30,19
91,31,22
91,32,22
91,33,20
91,34,19
91,35,15
91,36,17
91,37,20
91,38,17
91,39,17
92,0,38
92,1,33
92,2,28
92,3,25
92,4,20
92,5,22
92,6,13
92,7,20
92,8,18
92,9,22
92,10,18
92,11,16
92,12,16
92,13,17
92,14,22
92,15,22
92,16,13
92,17,15
92,18,20
92,19,18
92,20,13
92,21,18
92,22,21
92,23,20
92,24,22
92,25,19
92,26,18
92,27,18
92,28,21
92,29,20
92,30,17
92,31,21
92,32,20
92,33,18
92,34,19
92,35,19
92,36,20
92,37,18
92,38,18
92,39,17
93,0,31
93,1,26
93,2,28
93,3,27
93,4,16
93,5,20
93,6,24
93,7,18
93,8,24
93,9,20
93,10,19
93,11,24
93,12,22
93,13,22
93,14,16
93,15,24
93,16,23
93,17,22
93,18,18
93,19,19
93,20,21
93,21,23
93,22,22
93,23,16
93,24,19
93,25,18
93,26,18
93,27,18
93,28,18
93,29,17
93,30,20
93,31,19
93,32,21
93,33,18
93,34,18
93,35,18
93,36,19
93,37,16
93,38,16
93,39,16
94,0,27
94,1,18
94,2,23
94,3,24
94,4,23
94,5,25
94,6,22
94,7,24
94,8,19
94,9,23
94,10,22
94,11,21
94,12,19
94,13,21
94,14,19
94,15,14
94,16,17
94,17,23
94,18,23
94,19,19
94,20,20
94,21,21
94,22,20
94,23,18
94,24,19
94,25,21
94,26,16
94,27,18
94,28,22
94,29,16
94,30,18
94,31,18
94,32,16
94,33,20
94,34,22
94,35,19
94,36,18
94,37,19
94,38,17
94,39,17
95,0,30
95,1,30
95,2,32
95,3,19
95,4,8
95,5,20
95,6,20
95,7,19
95,8,22
95,9,23
95,10,22
95,11,16
95,12,20
95,13,21
95,14,21
95,15,18
95,16,12
95,17,18
95,18,22
95,19,19
95,20,11
95,21,13
95,22,21
95,23,20
95,24,14
95,25,18
95,26,19
95,27,15
95,28,19
95,29,17
95,30,19
95,31,20
95,32,17
95,33,16
95,34,18
95,35,19
95,36,20
95,37,19
95,38,20
95,39,17
96,0,38
96,1,26
96,2,22
96,3,22
96,4,18
96,5,15
96,6,19
96,7,9
96,8,22
96,9,15
96,10,23
96,11,19
96,12,20
96,13,21
96,14,18
96,15,10
96,16,18
96,17,17
96,18,18
96,19,20
96,20,18
96,21,18
96,22,17
96,23,23
96,24,22
96,25,19
96,26,18
96,27,20
96,28,21
96,29,19
96,30,18
96,31,21
96,32,20
96,33,21
96,34,20
96,35,16
96,36,20
96,37,19
96,38,19
96,39,18
97,0,37
97,1,27
97,2,26
97,3,23
97,4,23
97,5,21
97,6,21
97,7,23
97,8,23
97,9,22
97,10,21
97,11,22
97,12,23
97,13,22
97,14,23
97,15,19
97,16,23
97,17,17
97,18,21
97,19,22
97,20,17
97,21,16
97,22,20
97,23,22
97,24,20
97,25,16
97,26,19
97,27,20
97,28,18
97,29,20
97,30,18
97,31,20
97,32,19
97,33,17
97,34,19
97,35,20
97,36,20
97,37,19
97,38,16
97,39,18
98,0,35
98,1,30
98,2,31
98,3,26
98,4,24
98,5,14
98,6,16
98,7,14
98,8,20
98,9,24
98,10,20
98,11,23
98,12,13
98,13,15
98,14,17
98,15,22
98,16,18
98,17,20
98,18,21
98,19,18
98,20,19
98,21,17
98,22,20
98,23,26
98,24,23
98,25,20
98,26,21
98,27,22
98,28,21
98,29,19
98,30,18
98,31,15
98,32,17
98,33,19
98,34,20
98,35,17
98,36,17
98,37,19
98,38,18
98,39,19
99,0,20
99,1,21
99,2,21
99,3,24
99,4,24
99,5,16
99,6,15
99,7,20
99,8,22
99,9,17
99,10,5
99,11,22
99,12,15
99,13,10
99,14,20
99,15,25
99,16,24
99,17,12
99,18,20
99,19,16
99,20,19
99,21,22
99,22,20
99,23,23
99,24,21
99,25,17
99,26,17
99,27,21
99,28,22
99,29,21
99,30,21
99,31,18
99,32,19
99,33,21
99,34,19
99,35,19
99,36,21
99,37,21
99,38,21
99,39,20
100,0,35
100,1,32
100,2,27
100,3,12
100,4,17
100,5,27
100,6,22
100,7,18
100,8,18
100,9,21
100,10,16
100,11,17
100,12,25
100,13,15
100,14,13
100,15,21
100,16,20
100,17,17
100,18,22
100,19,21
100,20,19
100,21,14
100,22,17
100,23,20
100,24,18
100,25,19
100,26,20
100,27,20
100,28,19
100,29,19
100,30,18
100,31,19
100,32,19
100,33,19
100,34,19
100,35,17
100,36,20
100,37,17
100,38,17
100,39,16
101,0,39
101,1,31
101,2,28
101,3,17
101,4,19
101,5,26
101,6,20
101,7,20
101,8,17
101,9,18
101,10,24
101,11,21
101,12,16
101,13,19
101,14,14
101,15,13
101,16,22
101,17,21
101,18,15
101,19,20
101,20,20
101,21,15
101,22,17
101,23,23
101,24,22
101,25,21
101,26,21
101,27,20
101,28,20
101,29,20
101,30,16
101,31,17
101,32,17
101,33,16
101,34,16
101,35,17
101,36,18
101,37,17
101,38,19
101,39,20
102,0,41
102,1,34
102,2,29
102,3,27
102,4,26
102,5,13
102,6,22
102,7,21
102,8,14
102,9,13
102,10,23
102,11,24
102,12,22
102,13,20
102,14,18
102,15,18
102,16,17
102,17,20
102,18,18
102,19,22
102,20,21
102,21,19
102,22,19
102,23,20
102,24,17
102,25,20
102,26,21
102,27,22
102,28,23
102,29,21
102,30,19
102,31,21
102,32,16
102,33,16
102,34,18
102,35,16
102,36,20
102,37,19
102,38,19
102,39,19
103,0,30
103,1,32
103,2,31
103,3,18
103,4,23
103,5,28
103,6,21
103,7,19
103,8,20
103,9,17
103,10,17
103,11,12
103,12,15
103,13,18
103,14,21
103,15,20
103,16,20
103,17,20
103,18,21
103,19,23
103,20,19
103,21,18
103,22,18
103,23,16
103,24,24
103,25,15
103,26,19
103,27,21
103,28,19
103,29,18
103,30,18
103,31,18
103,32,18
103,33,20
103,34,21
103,35,20
103,36,20
103,37,20
103,38,20
103,39,19
104,0,24
104,1,23
104,2,26
104,3,24
104,4,21
104,5,17
104,6,14
104,7,15
104,8,14
104,9,16
104,10,21
104,11,21
104,12,16
104,13,18
104,14,22
104,15,16
104,16,23
104,17,21
104,18,21
104,19,21
104,20,19
104,21,13
104,22,17
104,23,17
104,24,21
104,25,22
104,26,18
104,27,17
104,28,20
104,29,19
104,30,22
104,31,21
104,32,18
104,33,18
104,34,20
104,35,22
104,36,18
104,37,19
104,38,17
104,39,19
105,0,35
105,1,26
105,2,23
105,3,21
105,4,21
105,5,21
105,6,18
105,7,24
105,8,16
105,9,19
105,10,22
105,11,19
105,12,14
105,13,22
105,14,21
105,15,19
105,16,19
105,17,21
105,18,21
105,19,18
105,20,19
105,21,19
105,22,22
105,23,22
105,24,20
105,25,21
105,26,20
105,27,18
105,28,21
105,29,21
105,30,17
105,31,18
105,32,19
105,33,17
105,34,20
105,35,19
105,36,19
105,37,16
105,38,14
105,39,17
106,0,25
106,1,28
106,2,30
106,3,22
106,4,18
106,5,22
106,6,12
106,7,23
106,8,21
106,9,19
106,10,21
106,11,19
106,12,25
106,13,22
106,14,19
106,15,14
106,16,23
106,17,19
106,18,17
106,19,17
106,20,19
106,21,23
106,22,21
106,23,19
106,24,21
106,25,23
106,26,18
106,27,20
106,28,16
106,29,18
106,30,22
106,31,18
106,32,17
106,33,18
106,34,21
106,35,19
106,36,22
106,37,20
106,38,20
106,39,20
107,0,38
107,1,28
107,2,28
107,3,23
107,4,21
107,5,16
107,6,27
107,7,16
107,8,14
107,9,23
107,10,18
107,11,13
107,12,17
107,13,20
107,14,12
107,15,14
107,16,20
107,17,20
107,18,20
107,19,21
107,20,20
107,21,14
107,22,18
107,23,22
107,24,20
107,25,20
107,26,19
107,27,19
107,28,20
107,29,20
107,30,20
107,31,20
107,32,21
107,33,24
107,34,20
107,35,19
107,36,20
107,37,20
107,38,17
107,39,20
108,0,36
108,1,29
108,2,26
108,3,24
108,4,23
108,5,16
108,6,22
108,7,20
108,8,22
108,9,19
108,10,16
108,11,19
108,12,18
108,13,24
108,14,22
108,15,21
108,16,17
108,17,18
108,18,13
108,19,15
108,20,16
108,21,14
108,22,18
108,23,22
108,24,20
108,25,23
108,26,20
108,27,21
108,28,21
108,29,20
108,30,20
108,31,18
108,32,19
108,33,20
108,34,18
108,35,20
108,36,18
108,37,18
108,38,19
108,39,18
109,0,35
109,1,32
109,2,23
109,3,29
109,4,21
109,5,28
109,6,25
109,7,25
109,8,24
109,9,19
109,10,20
109,11,17
109,12,25
109,13,21
109,14,19
109,15,22
109,16,19
109,17,20
109,18,23
109,19,25
109,20,15
109,21,15
109,22,20
109,23,21
109,24,17
109,25,17
109,26,21
109,27,19
109,28,16
109,29,18
109,30,21
109,31,18
109,32,18
109,33,18
109,34,17
109,35,18
109,36,16
109,37,20
109,38,19
109,39,21
110,0,31
110,1,24
110,2,25
110,3,27
110,4,29
110,5,27
110,6,23
110,7,17
110,8,21
110,9,23
110,10,16
110,11,16
110,12,18
110,13,22
110,14,23
110,15,23
110,16,23
110,17,18
110,18,14
110,19,13
110,20,22
110,21,18
110,22,21
110,23,19
110,24,18
110,25,19
110,26,21
110,27,16
110,28,19
110,29,19
110,30,16
110,31,19
110,32,20
110,33,19
110,34,16
110,35,20
110,36,18
110,37,20
110,38,16
110,39,14
111,0,30
111,1,16
111,2,23
111,3,17
111,4,16
111,5,20
111,6,16
111,7,22
111,8,19
111,9,16
111,10,19
111,11,25
111,12,25
111,13,18
111,14,20
111,15,25
111,16,17
111,17,19
111,18,20
111,19,19
111,20,16
111,21,18
111,22,23
111,23,22
111,24,18
111,25,25
111,26,20
111,27,22
111,28,18
111,29,18
111,30,21
111,31,19
111,32,21
111,33,19
111,34,15
111,35,18
111,36,16
111,37,18
111,38,19
111,39,18
112,0,41
112,1,35
112,2,34
112,3,27
112,4,21
112,5,8
112,6,16
112,7,19
112,8,25
112,9,23
112,10,17
112,11,22
112,12,19
112,13,20
112,14,23
112,15,23
112,16,21
112,17,21
112,18,18
112,19,21
112,20,16
112,21,17
112,22,23
112,23,20
112,24,19
112,25,23
112,26,23
112,27,20
112,28,23
112,29,17
112,30,19
112,31,16
112,32,17
112,33,15
112,34,20
112,35,20
112,36,21
112,37,19
112,38,17
112,39,16
113,0,43
113,1,34
113,2,26
113,3,19
113,4,16
113,5,21
113,6,18
113,7,25
113,8,20
113,9,19
113,10,21
113,11,18
113,12,22
113,13,20
113,14,16
113,15,16
113,16,28
113,17,20
113,18,21
113,19,21
113,20,12
113,21,19
113,22,21
113,23,21
113,24,21
113,25,21
113,26,21
113,27,18
113,28,22
113,29,19
113,30,14
113,31,18
113,32,19
113,33,19
113,34,17
113,35,20
113,36,20
113,37,16
113,38,16
113,39,17
114,0,42
114,1,32
114,2,34
114,3,26
114,4,25
114,5,25
114,6,29
114,7,24
114,8,22
114,9,22
114,10,13
114,11,18
114,12,21
114,13,21
114,14,18
114,15,15
114,16,15
114,17,20
114,18,19
114,19,20
114,20,19
114,21,21
114,22,21
114,23,20
114,24,19
114,25,17
114,26,16
114,27,20
114,28,17
114,29,19
114,30,18
114,31,18
114,32,20
114,33,21
114,34,18
114,35,18
114,36,18
114,37,18
114,38,18
114,39,18
115,0,38
115,1,32
115,2,26
115,3,28
115,4,26
115,5,26
115,6,19
115,7,14
115,8,23
115,9,22
115,10,22
115,11,18
115,12,16
115,13,18
115,14,19
115,15,25
115,16,22
115,17,20
115,18,22
115,19,18
115,20,18
115,21,12
115,22,20
115,23,21
115,24,22
115,25,21
115,26,21
115,27,20
115,28,18
115,29,19
115,30,17
115,31,16
115,32,18
115,33,20
115,34,18
115,35,18
115,36,17
115,37,17
115,38,17
115,39,17
116,0,39
116,1,35
116,2,25
116,3,27
116,4,25
116,5,28
116,6,25
116,7,24
116,8,23
116,9,24
116,10,19
116,11,17
116,12,19
116,13,16
116,14,20
116,15,23
116,16,19
116,17,22
116,18,19
116,19,17
116,20,13
116,21,22
116,22,22
116,23,20
116,24,19
116,25,22
116,26,22
116,27,23
116,28,18
116,29,22
116,30,22
116,31,19
116,32,21
116,33,21
116,34,19
116,35,20
116,36,21
116,37,19
116,38,16
116,39,19
117,0,33
117,1,28
117,2,28
117,3,22
117,4,20
117,5,27
117,6,17
117,7,18
117,8,19
117,9,23
117,10,23
117,11,17
117,12,19
117,13,22
117,14,21
117,15,23
117,16,19
117,17,17
117,18,20
117,19,20
117,20,19
117,21,21
117,22,22
117,23,18
117,24,19
117,25,23
117,26,21
117,27,24
117,28,20
117,29,19
117,30,21
117,31,23
117,32,20
117,33,17
117,34,20
117,35,19
117,36,20
117,37,18
117,38,16
117,39,21
118,0,33
118,1,30
118,2,26
118,3,27
118,4,21
118,5,19
118,6,25
118,7,15
118,8,16
118,9,13
118,10,21
118,11,23
118,12,17
118,13,14
118,14,18
118,15,21
118,16,20
118,17,20
118,18,20
118,19,24
118,20,23
118,21,22
118,22,16
118,23,19
118,24,19
118,25,18
118,26,17
118,27,18
118,28,19
118,29,20
118,30,20
118,31,21
118,32,23
118,33,18
118,34,18
118,35,20
118,36,20
118,37,19
118,38,18
118,39,17
119,0,34
119,1,18
119,2,21
119,3,21
119,4,13
119,5,18
119,6,18
119,7,12
119,8,18
119,9,21
119,10,23
119,11,21
119,12,20
119,13,16
119,14,18
119,15,18
119,16,18
119,17,14
119,18,14
119,19,15
119,20,14
119,21,21
119,22,21
119,23,21
119,24,19
119,25,17
119,26,20
119,27,21
119,28,21
119,29,20
119,30,20
119,31,22
119,32,19
119,33,21
119,34,23
119,35,20
119,36,17
119,37,18
119,38,19
119,39,19
120,0,31
120,1,23
120,2,23
120,3,25
120,4,28
120,5,24
120,6,14
120,7,12
120,8,22
120,9,24
120,10,23
120,11,22
120,12,23
120,13,19
120,14,20
120,15,23
120,16,18
120,17,9
120,18,18
120,19,15
120,20,16
120,21,19
120,22,16
120,23,24
120,24,21
120,25,19
120,26,18
120,27,21
120,28,20
120,29,22
120,30,18
120,31,19
120,32,24
120,33,19
120,34,19
120,35,21
120,36,19
120,37,18
120,38,19
120,39,21
121,0,30
121,1,24
121,2,20
121,3,27
121,4,27
121,5,23
121,6,24
121,7,25
121,8,19
121,9,17
121,10,19
121,11,20
121,12,20
121,13,20
121,14,17
121,15,21
121,16,18
121,17,21
121,18,22
121,19,19
121,20,22
121,21,20
121,22,21
121,23,18
121,24,20
121,25,20
121,26,16
121,27,20
121,28,21
121,29,14
121,30,18
121,31,23
121,32,23
121,33,18
121,34,20
121,35,20
121,36,19
121,37,19
121,38,16
121,39,16
122,0,41
122,1,21
122,2,17
122,3,28
122,4,22
122,5,26
122,6,24
122,7,26
122,8,24
122,9,19
122,10,20
122,11,26
122,12,24
122,13,13
122,14,18
122,15,22
122,16,19
122,17,15
122,18,21
122,19,21
122,20,23
122,21,21
122,22,17
122,23,25
122,24,19
122,25,20
122,26,21
122,27,22
122,28,21
122,29,18
122,30,20
122,31,21
122,32,19
122,33,17
122,34,17
122,35,18
122,36,19
122,37,18
122,38,19
122,39,20
123,0,35
123,1,30
123,2,23
123,3,14
123,4,20
123,5,21
123,6,21
123,7,23
123,8,22
123,9,19
123,10,20
123,11,19
123,12,19
123,13,20
123,14,21
123,15,20
123,16,16
123,17,15
123,18,19
123,19,23
123,20,19
123,21,19
123,22,20
123,23,19
123,24,21
123,25,22
123,26,19
123,27,19
123,28,23
123,29,22
123,30,22
123,31,17
123,32,18
123,33,20
123,34,17
123,35,18
123,36,16
123,37,18
123,38,18
123,39,17
124,0,33
124,1,26
124,2,28
124,3,19
124,4,21
124,5,22
124,6,22
124,7,15
124,8,18
124,9,13
124,10,19
124,11,17
124,12,17
124,13,20
124,14,20
124,15,20
124,16,21
124,17,19
124,18,17
124,19,14
124,20,19
124,21,15
124,22,21
124,23,21
124,24,18
124,25,17
124,26,18
124,27,20
124,28,19
124,29,19
124,30,20
124,31,17
124,32,19
124,33,19
124,34,19
124,35,19
124,36,19
124,37,18
124,38,19
124,39,18
125,0,41
125,1,35
125,2,23
125,3,24
125,4,27
125,5,17
125,6,19
125,7,21
125,8,14
125,9,24
125,10,23
125,11,20
125,12,11
125,13,22
125,14,26
125,15,24
125,16,22
125,17,22
125,18,21
125,19,22
125,20,20
125,21,16
125,22,20
125,23,19
125,24,21
125,25,16
125,26,19
125,27,22
125,28,19
125,29,19
125,30,20
125,31,17
125,32,18
125,33,17
125,34,17
125,35,19
125,36,19
125,37,18
125,38,17
125,39,18
126,0,33
126,1,34
126,2,30
126,3,22
126,4,20
126,5,18
126,6,21
126,7,30
126,8,22
126,9,17
126,10,17
126,11,19
126,12,17
126,13,23
126,14,23
126,15,21
126,16,23
126,17,23
126,18,20
126,19,17
126,20,18
126,21,14
126,22,20
126,23,23
126,24,14
126,25,22
126,26,21
126,27,21
126,28,21
126,29,20
126,30,19
126,31,20
126,32,17
126,33,16
126,34,17
126,35,21
126,36,18
126,37,20
126,38,20
126,39,16
127,0,31
127,1,28
127,2,28
127,3,22
127,4,26
127,5,23
127,6,7
127,7,25
127,8,25
127,9,24
127,10,11
127,11,28
127,12,22
127,13,24
127,14,25
127,15,19
127,16,24
127,17,23
127,18,19
127,19,23
127,20,22
127,21,20
127,22,17
127,23,22
127,24,19
127,25,17
127,26,17
127,27,22
127,28,18
127,29,23
127,30,24
127,31,22
127,32,21
127,33,19
127,34,21
127,35,17
127,36,19
127,37,18
127,38,17
127,39,16
128,0,27
128,1,23
128,2,29
128,3,29
128,4,20
128,5,22
128,6,19
128,7,18
128,8,14
128,9,19
128,10,19
128,11,25
128,12,19
128,13,22
128,14,19
128,15,22
128,16,20
128,17,18
128,18,19
128,19,21
128,20,21
128,21,23
128,22,19
128,23,22
128,24,23
128,25,21
128,26,19
128,27,20
128,28,12
128,29,19
128,30,16
128,31,19
128,32,19
128,33,21
128,34,20
128,35,16
128,36,18
128,37,19
128,38,15
128,39,18
129,0,33
129,1,30
129,2,26
129,3,28
129,4,25
129,5,25
129,6,20
129,7,22
129,8,23
129,9,22
129,10,19
129,11,23
129,12,23
129,13,16
129,14,19
129,15,21
129,16,25
129,17,20
129,18,19
129,19,22
129,20,22
129,21,20
129,22,22
129,23,22
129,24,23
129,25,22
129,26,23
129,27,22
129,28,22
129,29,20
129,30,19
129,31,20
129,32,22
129,33,17
129,34,17
129,35,19
129,36,20
129,37,19
129,38,17
129,39,16
130,0,38
130,1,34
130,2,27
130,3,26
130,4,24
130,5,19
130,6,16
130,7,19
130,8,18
130,9,21
130,10,17
130,11,25
130,12,24
130,13,17
130,14,15
130,15,23
130,16,24
130,17,18
130,18,21
130,19,15
130,20,19
130,21,22
130,22,19
130,23,15
130,24,17
130,25,20
130,26,20
130,27,21
130,28,22
130,29,22
130,30,19
130,31,21
130,32,21
130,33,16
130,34,20
130,35,19
130,36,15
130,37,17
130,38,18
130,39,13
131,0,32
131,1,31
131,2,26
131,3,23
131,4,25
131,5,24
131,6,20
131,7,19
131,8,21
131,9,26
131,10,19
131,11,24
131,12,17
131,13,24
131,14,20
131,15,23
131,16,21
131,17,20
131,18,18
131,19,19
131,20,22
131,21,24
131,22,17
131,23,17
131,24,24
131,25,15
131,26,19
131,27,20
131,28,19
131,29,19
131,30,18
131,31,19
131,32,15
131,33,18
131,34,18
131,35,19
131,36,19
131,37,20
131,38,20
131,39,18
132,0,30
132,1,34
132,2,23
132,3,22
132,4,25
132,5,22
132,6,21
132,7,20
132,8,15
132,9,17
132,10,25
132,11,23
132,12,15
132,13,25
132,14,23
132,15,22
132,16,17
132,17,21
132,18,20
132,19,21
132,20,15
132,21,17
132,22,20
132,23,19
132,24,18
132,25,16
132,26,18
132,27,23
132,28,24
132,29,19
132,30,20
132,31,20
132,32,20
132,33,21
132,34,20
132,35,18
132,36,18
132,37,21
132,38,21
132,39,18
133,0,37
133,1,31
133,2,25
133,3,24
133,4,22
133,5,22
133,6,22
133,7,21
133,8,18
133,9,25
133,10,19
133,11,16
133,12,23
133,13,23
133,14,21
133,15,22
133,16,22
133,17,22
133,18,21
133,19,17
133,20,21
133,21,22
133,22,19
133,23,16
133,24,20
133,25,23
133,26,21
133,27,21
133,28,23
133,29,22
133,30,20
133,31,18
133,32,19
133,33,15
133,34,18
133,35,18
133,36,15
133,37,19
133,38,21
133,39,19
134,0,42
134,1,32
134,2,23
134,3,10
134,4,16
134,5,24
134,6,23
134,7,22
134,8,24
134,9,9
134,10,9
134,11,18
134,12,23
134,13,21
134,14,18
134,15,16
134,16,21
134,17,19
134,18,18
134,19,21
134,20,21
134,21,23
134,22,22
134,23,19
134,24,23
134,25,21
134,26,18
134,27,14
134,28,19
134,29,18
134,30,19
134,31,21
134,32,22
134,33,22
134,34,18
134,35,18
134,36,21
134,37,20
134,38,17
134,39,17
135,0,32
135,1,34
135,2,23
135,3,15
135,4,25
135,5,22
135,6,23
135,7,21
135,8,19
135,9,19
135,10,19
135,11,21
135,12,18
135,13,21
135,14,18
135,15,16
135,16,22
135,17,17
135,18,20
135,19,19
135,20,18
135,21,23
135,22,18
135,23,20
135,24,16
135,25,19
135,26,19
135,27,21
135,28,20
135,29,21
135,30,18
135,31,19
135,32,20
135,33,20
135,34,17
135,35,18
135,36,16
135,37,16
135,38,21
135,39,21
136,0,40
136,1,32
136,2,30
136,3,22
136,4,18
136,5,20
136,6,15
136,7,26
136,8,26
136,9,19
136,10,15
136,11,23
136,12,19
136,13,19
136,14,17
136,15,22
136,16,24
136,17,21
136,18,22
136,19,18
136,20,17
136,21,19
136,22,23
136,23,24
136,24,22
136,25,19
136,26,19
136,27,21
136,28,22
136,29,21
136,30,15
136,31,19
136,32,19
136,33,17
136,34,20
136,35,21
136,36,19
136,37,18
136,38,18
136,39,18
137,0,37
137,1,29
137,2,26
137,3,25
137,4,26
137,5,23
137,6,25
137,7,23
137,8,23
137,9,24
137,10,22
137,11,20
137,12,23
137,13,17
137,14,17
137,15,20
137,16,19
137,17,19
137,18,22
137,19,17
137,20,19
137,21,21
137,22,21
137,23,22
137,24,21
137,25,18
137,26,20
137,27,17
137,28,20
137,29,21
137,30,19
137,31,17
137,32,17
137,33,18
137,34,19
137,35,19
137,36,19
137,37,21
137,38,20
137,39,19
138,0,40
138,1,32
138,2,23
138,3,22
138,4,28
138,5,26
138,6,21
138,7,24
138,8,25
138,9,21
138,10,26
138,11,23
138,12,25
138,13,21
138,14,21
138,15,16
138,16,21
138,17,21
138,18,15
138,19,18
138,20,16
138,21,20
138,22,21
138,23,21
138,24,22
138,25,15
138,26,19
138,27,18
138,28,20
138,29,20
138,30,16
138,31,23
138,32,21
138,33,19
138,34,20
138,35,23
138,36,21
138,37,18
138,38,16
138,39,16
139,0,35
139,1,27
139,2,26
139,3,24
139,4,16
139,5,18
139,6,22
139,7,22
139,8,20
139,9,10
139,10,22
139,11,20
139,12,16
139,13,15
139,14,17
139,15,23
139,16,16
139,17,19
139,18,22
139,19,21
139,20,17
139,21,20
139,22,22
139,23,18
139,24,18
139,25,23
139,26,19
139,27,14
139,28,12
139,29,17
139,30,21
139,31,20
139,32,17
139,33,17
139,34,17
139,35,18
139,36,19
139,37,19
139,38,19
139,39,20
140,0,30
140,1,25
140,2,11
140,3,24
140,4,23
140,5,16
140,6,21
140,7,20
140,8,20
140,9,25
140,10,25
140,11,17
140,12,17
140,13,19
140,14,19
140,15,17
140,16,24
140,17,22
140,18,23
140,19,23
140,20,23
140,21,20
140,22,19
140,23,18
140,24,20
140,25,17
140,26,16
140,27,13
140,28,18
140,29,18
140,30,20
140,31,15
140,32,17
140,33,20
140,34,22
140,35,19
140,36,18
140,37,18
140,38,18
140,39,19
141,0,33
141,1,34
141,2,31
141,3,27
141,4,21
141,5,16
141,6,25
141,7,17
141,8,14
141,9,19
141,10,23
141,11,23
141,12,21
141,13,20
141,14,19
141,15,22
141,16,15
141,17,17
141,18,19
141,19,21
141,20,18
141,21,21
141,22,20
141,23,18
141,24,22
141,25,24
141,26,23
141,27,18
141,28,21
141,29,20
141,30,19
141,31,21
141,32,19
141,33,20
141,34,17
141,35,19
141,36,17
141,37,16
141,38,19
141,39,20
142,0,42
142,1,31
142,2,17
142,3,19
142,4,18
142,5,16
142,6,23
142,7,18
142,8,26
142,9,25
142,10,21
142,11,17
142,12,20
142,13,20
142,14,25
142,15,24
142,16,18
142,17,20
142,18,22
142,19,17
142,20,17
142,21,23
142,22,21
142,23,23
142,24,24
142,25,22
142,26,20
142,27,19
142,28,20
142,29,18
142,30,22
142,31,20
142,32,15
142,33,18
142,34,16
142,35,19
142,36,20
142,37,19
142,38,20
142,39,19
143,0,40
143,1,31
143,2,29
143,3,30
143,4,22
143,5,22
143,6,23
143,7,18
143,8,10
143,9,23
143,10,23
143,11,18
143,12,26
143,13,24
143,14,22
143,15,20
143,16,17
143,17,23
143,18,23
143,19,20
143,20,17
143,21,22
143,22,23
143,23,18
143,24,22
143,25,22
143,26,18
143,27,18
143,28,20
143,29,18
143,30,22
143,31,20
143,32,17
143,33,17
143,34,18
143,35,16
143,36,19
143,37,20
143,38,20
143,39,17
144,0,37
144,1,29
144,2,27
144,3,25
144,4,21
144,5,20
144,6,16
144,7,20
144,8,20
144,9,16
144,10,15
144,11,19
144,12,19
144,13,18
144,14,17
144,15,19
144,16,21
144,17,22
144,18,19
144,19,19
144,20,20
144,21,19
144,22,19
144,23,17
144,24,18
144,25,23
144,26,26
144,27,19
144,28,19
144,29,20
144,30,19
144,31,20
144,32,18
144,33,20
144,34,16
144,35,16
144,36,18
144,37,19
144,38,21
144,39,15
145,0,39
145,1,27
145,2,22
145,3,11
145,4,17
145,5,19
145,6,22
145,7,27
145,8,23
145,9,23
145,10,22
145,11,20
145,12,26
145,13,24
145,14,18
145,15,23
145,16,21
145,17,16
145,18,19
145,19,18
145,20,18
145,21,21
145,22,24
145,23,25
145,24,22
145,25,19
145,26,22
145,27,21
145,28,21
145,29,19
145,30,20
145,31,18
145,32,21
145,33,17
145,34,20
145,35,19
145,36,15
145,37,17
145,38,18
145,39,18
146,0,37
146,1,28
146,2,27
146,3,13
146,4,15
146,5,12
146,6,22
146,7,27
146,8,16
146,9,17
146,10,21
146,11,16
146,12,22
146,13,20
146,14,21
146,15,17
146,16,16
146,17,21
146,18,21
146,19,16
146,20,16
146,21,18
146,22,15
146,23,15
146,24,19
146,25,23
146,26,24
146,27,20
146,28,20
146,29,20
146,30,20
146,31,22
146,32,22
146,33,19
146,34,18
146,35,19
146,36,18
146,37,19
146,38,18
146,39,18
147,0,27
147,1,26
147,2,27
147,3,21
147,4,17
147,5,15
147,6,21
147,7,14
147,8,19
147,9,14
147,10,5
147,11,22
147,12,22
147,13,19
147,14,15
147,15,18
147,16,18
147,17,21
147,18,22
147,19,21
147,20,21
147,21,18
147,22,16
147,23,20
147,24,21
147,25,18
147,26,21
147,27,18
147,28,19
147,29,20
147,30,21
147,31,20
147,32,19
147,33,19
147,34,19
147,35,20
147,36,19
147,37,18
147,38,18
147,39,18
148,0,39
148,1,30
148,2,24
148,3,23
148,4,24
148,5,14
148,6,18
148,7,20
148,8,23
148,9,24
148,10,19
148,11,16
148,12,12
148,13,14
148,14,17
148,15,18
148,16,15
148,17,16
148,18,21
148,19,18
148,20,15
148,21,22
148,22,21
148,23,17
148,24,20
148,25,16
148,26,18
148,27,18
148,28,19
148,29,21
148,30,20
148,31,21
148,32,21
148,33,18
148,34,18
148,35,15
148,36,17
148,37,17
148,38,17
148,39,18
149,0,31
149,1,25
149,2,25
149,3,27
149,4,23
149,5,22
149,6,24
149,7,19
149,8,28
149,9,22
149,10,23
149,11,19
149,12,19
149,13,22
149,14,13
149,15,20
149,16,20
149,17,21
149,18,20
149,19,23
149,20,20
149,21,18
149,22,22
149,23,21
149,24,22
149,25,22
149,26,23
149,27,22
149,28,19
149,29,19
149,30,19
149,31,20
149,32,22
149,33,19
149,34,17
149,35,21
149,36,19
149,37,19
149,38,18
149,39,17
150,0,31
150,1,33
150,2,31
150,3,28
150,4,27
150,5,22
150,6,18
150,7,26
150,8,22
150,9,20
150,10,21
150,11,22
150,12,25
150,13,22
150,14,17
150,15,22
150,16,22
150,17,18
150,18,19
150,19,22
150,20,18
150,21,17
150,22,16
150,23,18
150,24,18
150,25,16
150,26,20
150,27,18
150,28,15
150,29,19
150,30,20
150,31,16
150,32,19
150,33,17
150,34,15
150,35,19
150,36,22
150,37,21
150,38,17
150,39,19
151,0,30
151,1,29
151,2,31
151,3,22
151,4,18
151,5,12
151,6,14
151,7,15
151,8,20
151,9,22
151,10,23
151,11,20
151,12,26
151,13,19
151,14,24
151,15,24
151,16,19
151,17,20
151,18,20
151,19,21
151,20,22
151,21,21
151,22,20
151,23,23
151,24,20
151,25,17
151,26,22
151,27,20
151,28,22
151,29,19
151,30,21
151,31,20
151,32,20
151,33,17
151,34,17
151,35,18
151,36,19
151,37,17
151,38,17
151,39,17
152,0,42
152,1,30
152,2,25
152,3,25
152,4,26
152,5,23
152,6,26
152,7,23
152,8,23
152,9,18
152,10,15
152,11,21
152,12,24
152,13,25
152,14,23
152,15,21
152,16,21
152,17,19
152,18,18
152,19,24
152,20,22
152,21,22
152,22,21
152,23,22
152,24,19
152,25,22
152,26,19
152,27,18
152,28,19
152,29,20
152,30,18
152,31,17
152,32,15
152,33,18
152,34,18
152,35,19
152,36,18
152,37,20
152,38,19
152,39,17
153,0,39
153,1,29
153,2,19
153,3,19
153,4,24
153,5,19
153,6,20
153,7,25
153,8,22
153,9,22
153,10,19
153,11,25
153,12,18
153,13,17
153,14,20
153,15,19
153,16,18
153,17,21
153,18,15
153,19,20
153,20,23
153,21,20
153,22,20
153,23,21
153,24,16
153,25,18
153,26,22
153,27,18
153,28,20
153,29,23
153,30,18
153,31,18
153,32,19
153,33,19
153,34,17
153,35,18
153,36,18
153,37,18
153,38,17
153,39,19
154,0,35
154,1,33
154,2,26
154,3,19
154,4,20
154,5,21
154,6,20
154,7,21
154,8,23
154,9,16
154,10,17
154,11,22
154,12,25
154,13,18
154,14,15
154,15,21
154,16,23
154,17,21
154,18,20
154,19,18
154,20,17
154,21,20
154,22,21
154,23,20
154,24,19
154,25,18
154,26,20
154,27,20
154,28,21
154,29,22
154,30,19
154,31,19
154,32,20
154,33,20
154,34,17
154,35,18
154,36,20
154,37,18
154,38,18
154,39,18
155,0,26
155,1,32
155,2,31
155,3,23
155,4,25
155,5,23
155,6,20
155,7,20
155,8,26
155,9,22
155,10,15
155,11,23
155,12,25
155,13,12
155,14,20
155,15,22
155,16,17
155,17,19
155,18,18
155,19,19
155,20,20
155,21,19
155,22,19
155,23,19
155,24,18
155,25,17
155,26,18
155,27,17
155,28,19
155,29,16
155,30,20
155,31,18
155,32,14
155,33,17
155,34,18
155,35,18
155,36,20
155,37,19
155,38,17
155,39,17
156,0,31
156,1,25
156,2,29
156,3,21
156,4,30
156,5,23
156,6,21
156,7,22
156,8,26
156,9,14
156,10,17
156,11,24
156,12,24
156,13,21
156,14,21
156,15,18
156,16,20
156,17,19
156,18,22
156,19,20
156,20,16
156,21,21
156,22,23
156,23,18
156,24,18
156,25,14
156,26,19
156,27,20
156,28,22
156,29,24
156,30,20
156,31,17
156,32,16
156,33,19
156,34,19
156,35,20
156,36,19
156,37,17
156,38,17
156,39,20
157,0,15
157,1,21
157,2,24
157,3,22
157,4,18
157,5,21
157,6,19
157,7,22
157,8,21
157,9,22
157,10,16
157,11,19
157,12,20
157,13,25
157,14,22
157,15,22
157,16,19
157,17,22
157,18,16
157,19,12
157,20,16
157,21,23
157,22,19
157,23,19
157,24,20
157,25,19
157,26,21
157,27,18
157,28,18
157,29,20
157,30,17
157,31,18
157,32,15
157,33,19
157,34,20
157,35,20
157,36,21
157,37,18
157,38,19
157,39,17
158,0,28
158,1,15
158,2,16
158,3,18
158,4,23
158,5,27
158,6,24
158,7,18
158,8,23
158,9,24
158,10,20
158,11,18
158,12,15
158,13,20
158,14,18
158,15,21
158,16,25
158,17,22
158,18,22
158,19,17
158,20,16
158,21,17
158,22,18
158,23,17
158,24,15
158,25,20
158,26,19
158,27,20
158,28,18
158,29,22
158,30,21
158,31,20
158,32,17
158,33,15
158,34,15
158,35,18
158,36,19
158,37,20
158,38,17
158,39,16
159,0,31
159,1,32
159,2,27
159,3,20
159,4,20
159,5,18
159,6,21
159,7,24
159,8,28
159,9,24
159,10,15
159,11,19
159,12,14
159,13,19
159,14,21
159,15,24
159,16,23
159,17,22
159,18,20
159,19,22
159,20,17
159,21,21
159,22,20
159,23,19
159,24,19
159,25,20
159,26,19
159,27,20
159,28,20
159,29,21
159,30,14
159,31,14
159,32,20
159,33,19
159,34,19
159,35,17
159,36,19
159,37,18
159,38,17
159,39,18
160,0,40
160,1,27
160,2,22
160,3,26
160,4,25
160,5,23
160,6,23
160,7,20
160,8,23
160,9,16
160,10,17
160,11,18
160,12,21
160,13,19
160,14,20
160,15,19
160,16,18
160,17,21
160,18,18
160,19,17
160,20,19
160,21,17
160,22,20
160,23,21
160,24,16
160,25,18
160,26,17
160,27,18
160,28,19
160,29,20
160,30,19
160,31,17
160,32,18
160,33,17
160,34,18
160,35,17
160,36,18
160,37,15
160,38,18
160,39,20
161,0,28
161,1,26
161,2,25
161,3,24
161,4,18
161,5,22
161,6,22
161,7,21
161,8,24
161,9,22
161,10,17
161,11,19
161,12,19
161,13,23
161,14,21
161,15,22
161,16,20
161,17,22
161,18,21
161,19,21
161,20,21
161,21,20
161,22,20
161,23,16
161,24,16
161,25,20
161,26,18
161,27,18
161,28,22
161,29,20
161,30,22
161,31,20
161,32,19
161,33,19
161,34,16
161,35,19
161,36,16
161,37,16
161,38,17
161,39,19
162,0,25
162,1,23
162,2,19
162,3,30
162,4,29
162,5,19
162,6,21
162,7,23
162,8,17
162,9,18
162,10,24
162,11,22
162,12,16
162,13,18
162,14,19
162,15,21
162,16,18
162,17,13
162,18,17
162,19,19
162,20,18
162,21,22
162,22,24
162,23,19
162,24,18
162,25,15
162,26,19
162,27,20
162,28,14
162,29,16
162,30,20
162,31,19
162,32,18
162,33,19
162,34,19
162,35,17
162,36,16
162,37,19
162,38,18
162,39,17
163,0,38
163,1,35
163,2,26
163,3,30
163,4,27
163,5,20
163,6,28
163,7,25
163,8,10
163,9,18
163,10,24
163,11,21
163,12,23
163,13,22
163,14,24
163,15,23
163,16,19
163,17,23
163,18,20
163,19,17
163,20,14
163,21,22
163,22,20
163,23,18
163,24,18
163,25,18
163,26,18
163,27,22
163,28,18
163,29,15
163,30,21
163,31,20
163,32,17
163,33,15
163,34,18
163,35,19
163,36,20
163,37,19
163,38,19
163,39,19
164,0,39
164,1,32
164,2,22
164,3,25
164,4,23
164,5,23
164,6,24
164,7,19
164,8,19
164,9,20
164,10,20
164,11,21
164,12,21
164,13,17
164,14,23
164,15,21
164,16,19
164,17,19
164,18,22
164,19,23
164,20,20
164,21,20
164,22,20
164,23,19
164,24,20
164,25,21
164,26,19
164,27,17
164,28,20
164,29,22
164,30,18
164,31,22
164,32,21
164,33,18
164,34,19
164,35,20
164,36,18
164,37,16
164,38,19
164,39,18
165,0,40
165,1,34
165,2,21
165,3,17
165,4,25
165,5,23
165,6,22
165,7,18
165,8,12
165,9,11
165,10,17
165,11,20
165,12,19
165,13,19
165,14,13
165,15,22
165,16,20
165,17,28
165,18,22
165,19,20
165,20,15
165,21,18
165,22,21
165,23,21
165,24,20
165,25,20
165,26,19
165,27,21
165,28,22
165,29,16
165,30,21
165,31,22
165,32,19
165,33,20
165,34,18
165,35,19
165,36,19
165,37,18
165,38,16
165,39,18
166,0,42
166,1,37
166,2,23
166,3,23
166,4,18
166,5,24
166,6,16
166,7,20
166,8,21
166,9,24
166,10,21
166,11,14
166,12,21
166,13,24
166,14,15
166,15,18
166,16,18
166,17,19
166,18,21
166,19,19
166,20,20
166,21,17
166,22,15
166,23,20
166,24,17
166,25,21
166,26,23
166,27,23
166,28,24
166,29,20
166,30,19
166,31,20
166,32,23
166,33,17
166,34,16
166,35,15
166,36,16
166,37,19
166,38,18
166,39,19
167,0,30
167,1,27
167,2,18
167,3,22
167,4,20
167,5,22
167,6,13
167,7,17
167,8,20
167,9,22
167,10,17
167,11,23
167,12,19
167,13,19
167,14,12
167,15,15
167,16,19
167,17,19
167,18,20
167,19,20
167,20,19
167,21,15
167,22,16
167,23,21
167,24,20
167,25,23
167,26,18
167,27,20
167,28,17
167,29,21
167,30,22
167,31,24
167,32,22
167,33,20
167,34,18
167,35,14
167,36,19
167,37,19
167,38,21
167,39,17
168,0,29
168,1,22
168,2,30
168,3,22
168,4,18
168,5,25
168,6,16
168,7,20
168,8,23
168,9,23
168,10,18
168,11,20
168,12,21
168,13,22
168,14,20
168,15,20
168,16,22
168,17,20
168,18,20
168,19,20
168,20,17
168,21,21
168,22,21
168,23,22
168,24,18
168,25,18
168,26,20
168,27,21
168,28,22
168,29,20
168,30,19
168,31,19
168,32,16
168,33,20
168,34,20
168,35,19
168,36,19
168,37,18
168,38,21
168,39,15
169,0,34
169,1,33
169,2,31
169,3,28
169,4,23
169,5,24
169,6,27
169,7,27
169,8,20
169,9,19
169,10,19
169,11,17
169,12,14
169,13,22
169,14,18
169,15,18
169,16,18
169,17,22
169,18,21
169,19,19
169,20,21
169,21,21
169,22,24
169,23,20
169,24,19
169,25,15
169,26,16
169,27,19
169,28,22
169,29,21
169,30,20
169,31,19
169,32,21
169,33,17
169,34,19
169,35,20
169,36,19
169,37,16
169,38,18
169,39,18
170,0,32
170,1,27
170,2,28
170,3,19
170,4,22
170,5,20
170,6,17
170,7,17
170,8,19
170,9,24
170,10,23
170,11,20
170,12,16
170,13,21
170,14,23
170,15,22
170,16,19
170,17,19
170,18,17
170,19,19
170,20,19
170,21,20
170,22,19
170,23,22
170,24,18
170,25,18
170,26,20
170,27,22
170,28,20
170,29,20
170,30,19
170,31,18
170,32,18
170,33,17
170,34,18
170,35,18
170,36,20
170,37,19
170,38,18
170,39,19
171,0,31
171,1,29
171,2,26
171,3,25
171,4,24
171,5,14
171,6,20
171,7,23
171,8,19
171,9,13
171,10,19
171,11,16
171,12,16
171,13,21
171,14,23
171,15,23
171,16,24
171,17,21
171,18,17
171,19,13
171,20,22
171,21,22
171,22,17
171,23,16
171,24,19
171,25,22
171,26,21
171,27,20
171,28,14
171,29,18
171,30,20
171,31,21
171,32,20
171,33,21
171,34,17
171,35,18
171,36,20
171,37,21
171,38,18
171,39,18
172,0,29
172,1,31
172,2,25
172,3,10
172,4,15
172,5,24
172,6,22
172,7,23
172,8,21
172,9,23
172,10,22
172,11,18
172,12,19
172,13,19
172,14,19
172,15,22
172,16,18
172,17,21
172,18,17
172,19,19
172,20,20
172,21,15
172,22,14
172,23,21
172,24,19
172,25,12
172,26,19
172,27,17
172,28,16
172,29,24
172,30,22
172,31,20
172,32,18
172,33,20
172,34,18
172,35,20
172,36,20
172,37,20
172,38,20
172,39,19
173,0,27
173,1,32
173,2,30
173,3,23
173,4,26
173,5,26
173,6,12
173,7,20
173,8,20
173,9,20
173,10,23
173,11,21
173,12,18
173,13,17
173,14,17
173,15,22
173,16,23
173,17,22
173,18,23
173,19,18
173,20,20
173,21,19
173,22,19
173,23,21
173,24,22
173,25,21
173,26,23
173,27,18
173,28,16
173,29,17
173,30,15
173,31,21
173,32,23
173,33,20
173,34,19
173,35,19
173,36,20
173,37,19
173,38,18
173,39,18
174,0,29
174,1,25
174,2,14
174,3,18
174,4,25
174,5,26
174,6,23
174,7,24
174,8,21
174,9,23
174,10,26
174,11,23
174,12,19
174,13,21
174,14,22
174,15,21
174,16,18
174,17,17
174,18,21
174,19,24
174,20,16
174,21,14
174,22,17
174,23,20
174,24,23
174,25,21
174,26,19
174,27,23
174,28,20
174,29,20
174,30,18
174,31,21
174,32,19
174,33,21
174,34,20
174,35,20
174,36,18
174,37,19
174,38,16
174,39,17
175,0,26
175,1,32
175,2,31
175,3,22
175,4,26
175,5,16
175,6,21
175,7,21
175,8,18
175,9,20
175,10,22
175,11,17
175,12,19
175,13,25
175,14,20
175,15,19
175,16,15
175,17,17
175,18,16
175,19,13
175,20,14
175,21,17
175,22,19
175,23,22
175,24,20
175,25,18
175,26,19
175,27,17
175,28,19
175,29,18
175,30,20
175,31,20
175,32,20
175,33,21
175,34,21
175,35,18
175,36,20
175,37,15
175,38,16
175,39,15
176,0,31
176,1,35
176,2,29
176,3,25
176,4,19
176,5,19
176,6,23
176,7,25
176,8,20
176,9,20
176,10,26
176,11,20
176,12,16
176,13,20
176,14,18
176,15,16
176,16,19
176,17,24
176,18,21
176,19,20
176,20,19
176,21,20
176,22,21
176,23,23
176,24,21
176,25,22
176,26,18
176,27,21
176,28,20
176,29,17
176,30,18
176,31,18
176,32,20
176,33,20
176,34,17
176,35,18
176,36,18
176,37,18
176,38,16
176,39,17
177,0,40
177,1,31
177,2,25
177,3,26
177,4,23
177,5,23
177,6,21
177,7,22
177,8,21
177,9,20
177,10,19
177,11,14
177,12,13
177,13,22
177,14,19
177,15,20
177,16,18
177,17,21
177,18,21
177,19,18
177,20,20
177,21,18
177,22,16
177,23,18
177,24,18
177,25,22
177,26,21
177,27,21
177,28,17
177,29,19
177,30,16
177,31,15
177,32,17
177,33,19
177,34,20
177,35,19
177,36,21
177,37,18
177,38,15
177,39,16
178,0,34
178,1,24
178,2,25
178,3,23
178,4,23
178,5,22
178,6,21
178,7,23
178,8,20
178,9,23
178,10,12
178,11,21
178,12,20
178,13,21
178,14,17
178,15,21
178,16,26
178,17,22
178,18,19
178,19,20
178,20,21
178,21,21
178,22,23
178,23,23
178,24,19
178,25,20
178,26,18
178,27,20
178,28,23
178,29,22
178,30,20
178,31,17
178,32,17
178,33,18
178,34,17
178,35,17
178,36,21
178,37,19
178,38,20
178,39,18
179,0,36
179,1,31
179,2,20
179,3,14
179,4,24
179,5,16
179,6,18
179,7,19
179,8,18
179,9,20
179,10,16
179,11,9
179,12,19
179,13,22
179,14,22
179,15,16
179,16,17
179,17,16
179,18,22
179,19,23
179,20,21
179,21,19
179,22,23
179,23,22
179,24,15
179,25,18
179,26,20
179,27,20
179,28,21
179,29,21
179,30,21
179,31,19
179,32,20
179,33,20
179,34,19
179,35,19
179,36,18
179,37,15
179,38,17
179,39,19
180,0,40
180,1,30
180,2,23
180,3,19
180,4,24
180,5,23
180,6,21
180,7,22
180,8,23
180,9,17
180,10,23
180,11,22
180,12,18
180,13,22
180,14,18
180,15,19
180,16,18
180,17,19
180,18,15
180,19,20
180,20,19
180,21,19
180,22,20
180,23,19
180,24,18
180,25,19
180,26,16
180,27,21
180,28,19
180,29,22
180,30,19
180,31,17
180,32,17
180,33,13
180,34,17
180,35,17
180,36,15
180,37,18
180,38,17
180,39,17
181,0,26
181,1,30
181,2,29
181,3,16
181,4,21
181,5,28
181,6,26
181,7,26
181,8,20
181,9,26
181,10,27
181,11,23
181,12,23
181,13,18
181,14,20
181,15,22
181,16,21
181,17,23
181,18,21
181,19,22
181,20,22
181,21,21
181,22,19
181,23,18
181,24,20
181,25,24
181,26,17
181,27,19
181,28,17
181,29,18
181,30,18
181,31,18
181,32,20
181,33,18
181,34,17
181,35,19
181,36,18
181,37,19
181,38,15
181,39,19
182,0,30
182,1,24
182,2,22
182,3,24
182,4,27
182,5,26
182,6,24
182,7,27
182,8,23
182,9,16
182,10,19
182,11,20
182,12,15
182,13,16
182,14,20
182,15,18
182,16,21
182,17,20
182,18,16
182,19,17
182,20,18
182,21,22
182,22,23
182,23,20
182,24,23
182,25,23
182,26,22
182,27,18
182,28,18
182,29,22
182,30,22
182,31,17
182,32,18
182,33,19
182,34,18
182,35,19
182,36,20
182,37,17
182,38,19
182,39,19
183,0,39
183,1,28
183,2,22
183,3,27
183,4,28
183,5,20
183,6,19
183,7,21
183,8,17
183,9,21
183,10,21
183,11,20
183,12,23
183,13,24
183,14,17
183,15,19
183,16,19
183,17,12
183,18,9
183,19,16
183,20,25
183,21,22
183,22,20
183,23,24
183,24,19
183,25,21
183,26,19
183,27,17
183,28,21
183,29,20
183,30,19
183,31,18
183,32,20
183,33,21
183,34,21
183,35,19
183,36,20
183,37,19
183,38,19
183,39,19
184,0,30
184,1,26
184,2,27
184,3,26
184,4,16
184,5,21
184,6,26
184,7,23
184,8,23
184,9,20
184,10,21
184,11,21
184,12,21
184,13,18
184,14,22
184,15,11
184,16,15
184,17,19
184,18,18
184,19,18
184,20,16
184,21,23
184,22,22
184,23,20
184,24,22
184,25,19
184,26,16
184,27,17
184,28,20
184,29,19
184,30,20
184,31,20
184,32,20
184,33,19
184,34,19
184,35,18
184,36,19
184,37,17
184,38,15
184,39,17
185,0,40
185,1,34
185,2,29
185,3,20
185,4,23
185,5,20
185,6,18
185,7,11
185,8,13
185,9,22
185,10,25
185,11,17
185,12,21
185,13,18
185,14,22
185,15,20
185,16,21
185,17,20
185,18,20
185,19,21
185,20,18
185,21,22
185,22,20
185,23,19
185,24,23
185,25,19
185,26,19
185,27,18
185,28,20
185,29,17
185,30,21
185,31,18
185,32,20
185,33,19
185,34,21
185,35,19
185,36,20
185,37,16
185,38,19
185,39,17
186,0,39
186,1,33
186,2,28
186,3,22
186,4,22
186,5,27
186,6,25
186,7,21
186,8,25
186,9,26
186,10,25
186,11,15
186,12,16
186,13,22
186,14,18
186,15,22
186,16,22
186,17,21
186,18,22
186,19,16
186,20,20
186,21,21
186,22,24
186,23,24
186,24,20
186,25,16
186,26,21
186,27,18
186,28,14
186,29,20
186,30,20
186,31,18
186,32,18
186,33,18
186,34,20
186,35,19
186,36,18
186,37,17
186,38,16
186,39,14
187,0,28
187,1,32
187,2,32
187,3,26
187,4,21
187,5,24
187,6,20
187,7,20
187,8,23
187,9,21
187,10,17
187,11,14
187,12,19
187,13,21
187,14,21
187,15,20
187,16,19
187,17,18
187,18,19
187,19,20
187,20,17
187,21,15
187,22,16
187,23,17
187,24,21
187,25,19
187,26,16
187,27,21
187,28,19
187,29,17
187,30,22
187,31,22
187,32,20
187,33,18
187,34,15
187,35,15
187,36,20
187,37,19
187,38,17
187,39,18
188,0,32
188,1,30
188,2,24
188,3,27
188,4,23
188,5,16
188,6,22
188,7,20
188,8,18
188,9,20
188,10,24
188,11,20
188,12,24
188,13,22
188,14,16
188,15,13
188,16,18
188,17,22
188,18,12
188,19,18
188,20,20
188,21,16
188,22,17
188,23,23
188,24,22
188,25,20
188,26,17
188,27,19
188,28,14
188,29,15
188,30,21
188,31,20
188,32,19
188,33,18
188,34,18
188,35,18
188,36,18
188,37,17
188,38,17
188,39,20
189,0,35
189,1,35
189,2,32
189,3,21
189,4,14
189,5,15
189,6,23
189,7,22
189,8,14
189,9,15
189,10,15
189,11,15
189,12,23
189,13,21
189,14,17
189,15,21
189,16,22
189,17,15
189,18,20
189,19,22
189,20,22
189,21,20
189,22,22
189,23,17
189,24,19
189,25,20
189,26,20
189,27,21
189,28,23
189,29,20
189,30,21
189,31,21
189,32,19
189,33,16
189,34,17
189,35,17
189,36,19
189,37,19
189,38,19
189,39,19
190,0,31
190,1,32
190,2,25
190,3,25
190,4,26
190,5,19
190,6,19
190,7,21
190,8,19
190,9,14
190,10,18
190,11,17
190,12,21
190,13,20
190,14,23
190,15,22
190,16,23
190,17,24
190,18,21
190,19,19
190,20,19
190,21,17
190,22,20
190,23,22
190,24,23
190,25,18
190,26,18
190,27,21
190,28,20
190,29,19
190,30,19
190,31,17
190,32,19
190,33,19
190,34,21
190,35,18
190,36,18
190,37,17
190,38,18
190,39,19
191,0,36
191,1,20
191,2,27
191,3,25
191,4,20
191,5,21
191,6,16
191,7,18
191,8,23
191,9,17
191,10,21
191,11,20
191,12,22
191,13,17
191,14,18
191,15,21
191,16,11
191,17,15
191,18,16
191,19,19
191,20,17
191,21,21
191,22,22
191,23,21
191,24,24
191,25,23
191,26,17
191,27,18
191,28,22
191,29,20
191,30,22
191,31,21
191,32,20
191,33,19
191,34,18
191,35,17
191,36,16
191,37,15
191,38,15
191,39,17
192,0,29
192,1,24
192,2,20
192,3,25
192,4,23
192,5,20
192,6,24
192,7,21
192,8,18
192,9,15
192,10,14
192,11,22
192,12,19
192,13,17
192,14,20
192,15,19
192,16,21
192,17,21
192,18,17
192,19,23
192,20,21
192,21,18
192,22,17
192,23,21
192,24,23
192,25,21
192,26,18
192,27,19
192,28,15
192,29,16
192,30,18
192,31,19
192,32,21
192,33,20
192,34,19
192,35,21
192,36,19
192,37,19
192,38,19
192,39,20
193,0,28
193,1,26
193,2,28
193,3,23
193,4,13
193,5,16
193,6,22
193,7,28
193,8,22
193,9,19
193,10,23
193,11,19
193,12,22
193,13,21
193,14,25
193,15,25
193,16,20
193,17,16
193,18,20
193,19,18
193,20,23
193,21,25
193,22,18
193,23,23
193,24,20
193,25,21
193,26,22
193,27,19
193,28,19
193,29,20
193,30,19
193,31,20
193,32,19
193,33,18
193,34,19
193,35,19
193,36,20
193,37,18
193,38,16
193,39,18
194,0,35
194,1,32
194,2,32
194,3,29
194,4,20
194,5,18
194,6,19
194,7,20
194,8,23
194,9,21
194,10,24
194,11,25
194,12,18
194,13,17
194,14,13
194,15,20
194,16,21
194,17,20
194,18,18
194,19,17
194,20,13
194,21,16
194,22,17
194,23,22
194,24,19
194,25,20
194,26,21
194,27,23
194,28,20
194,29,20
194,30,20
194,31,21
194,32,17
194,33,15
194,34,18
194,35,20
194,36,19
194,37,17
194,38,17
194,39,18
195,0,40
195,1,30
195,2,20
195,3,20
195,4,22
195,5,22
195,6,24
195,7,23
195,8,24
195,9,24
195,10,20
195,11,16
195,12,16
195,13,20
195,14,20
195,15,11
195,16,20
195,17,16
195,18,18
195,19,21
195,20,16
195,21,15
195,22,22
195,23,21
195,24,18
195,25,19
195,26,19
195,27,21
195,28,21
195,29,22
195,30,20
195,31,18
195,32,20
195,33,22
195,34,19
195,35,14
195,36,15
195,37,16
195,38,18
195,39,19
196,0,40
196,1,30
196,2,26
196,3,23
196,4,28
196,5,21
196,6,24
196,7,22
196,8,19
196,9,21
196,10,21
196,11,17
196,12,17
196,13,21
196,14,17
196,15,20
196,16,15
196,17,15
196,18,17
196,19,17
196,20,19
196,21,18
196,22,20
196,23,22
196,24,19
196,25,19
196,26,19
196,27,21
196,28,19
196,29,17
196,30,19
196,31,18
196,32,22
196,33,22
196,34,20
196,35,16
196,36,17
196,37,20
196,38,21
196,39,19
197,0,36
197,1,25
197,2,26
197,3,26
197,4,28
197,5,26
197,6,20
197,7,23
197,8,25
197,9,20
197,10,19
197,11,23
197,12,19
197,13,22
197,14,20
197,15,21
197,16,15
197,17,17
197,18,19
197,19,18
197,20,18
197,21,20
197,22,23
197,23,21
197,24,19
197,25,18
197,26,19
197,27,19
197,28,19
197,29,20
197,30,21
197,31,21
197,32,21
197,33,22
197,34,19
197,35,21
197,36,17
197,37,19
197,38,19
197,39,19
198,0,27
198,1,28
198,2,27
198,3,25
198,4,22
198,5,20
198,6,24
198,7,24
198,8,17
198,9,19
198,10,27
198,11,21
198,12,18
198,13,18
198,14,22
198,15,22
198,16,21
198,17,18
198,18,16
198,19,20
198,20,18
198,21,17
198,22,20
198,23,21
198,24,19
198,25,18
198,26,19
198,27,16
198,28,20
198,29,17
198,30,20
198,31,19
198,32,16
198,33,18
198,34,18
198,35,19
198,36,18
198,37,19
198,38,17
198,39,17
199,0,33
199,1,33
199,2,31
199,3,19
199,4,19
199,5,23
199,6,21
199,7,21
199,8,24
199,9,22
199,10,18
199,11,16
199,12,22
199,13,19
199,14,20
199,15,24
199,16,19
199,17,21
199,18,20
199,19,17
199,20,20
199,21,20
199,22,20
199,23,20
199,24,19
199,25,15
199,26,19
199,27,21
199,28,20
199,29,18
199,30,20
199,31,20
199,32,20
199,33,18
199,34,21
199,35,19
199,36,19
199,37,18
199,38,19
199,39,18
