id,n,magnitude
0,0,21
0,1,18
0,2,16
0,3,10
0,4,15
0,5,13
0,6,13
0,7,10
0,8,14
0,9,15
0,10,12
0,11,14
0,12,14
0,13,16
0,14,17
0,15,26
0,16,32
0,17,27
0,18,23
0,19,18
0,20,15
0,21,14
0,22,13
0,23,15
0,24,19
0,25,16
0,26,16
0,27,17
0,28,22
0,29,23
0,30,16
0,31,16
0,32,18
0,33,17
0,34,13
0,35,18
0,36,18
0,37,14
0,38,13
0,39,17
1,0,16
1,1,20
1,2,19
1,3,16
1,4,15
1,5,17
1,6,13
1,7,14
1,8,16
1,9,16
1,10,12
1,11,15
1,12,12
1,13,16
1,14,17
1,15,26
1,16,29
1,17,22
1,18,22
1,19,17
1,20,19
1,21,13
1,22,14
1,23,16
1,24,16
1,25,15
1,26,15
1,27,17
1,28,21
1,29,20
1,30,17
1,31,16
1,32,17
1,33,14
1,34,14
1,35,18
1,36,15
1,37,13
1,38,12
1,39,16
2,0,20
2,1,16
2,2,16
2,3,15
2,4,10
2,5,15
2,6,15
2,7,14
2,8,9
2,9,12
2,10,13
2,11,14
2,12,13
2,13,13
2,14,16
2,15,28
2,16,29
2,17,20
2,18,20
2,19,16
2,20,13
2,21,12
2,22,13
2,23,14
2,24,16
2,25,14
2,26,13
2,27,13
2,28,20
2,29,18
2,30,16
2,31,16
2,32,16
2,33,16
2,34,14
2,35,18
2,36,15
2,37,10
2,38,11
2,39,15
3,0,22
3,1,21
3,2,19
3,3,16
3,4,14
3,5,11
3,6,13
3,7,14
3,8,13
3,9,11
3,10,14
3,11,11
3,12,12
3,13,10
3,14,14
3,15,26
3,16,29
3,17,20
3,18,19
3,19,13
3,20,16
3,21,12
3,22,12
3,23,15
3,24,15
3,25,16
3,26,15
3,27,14
3,28,18
3,29,15
3,30,14
3,31,16
3,32,17
3,33,14
3,34,15
3,35,18
3,36,15
3,37,13
3,38,14
3,39,17
4,0,14
4,1,19
4,2,11
4,3,18
4,4,17
4,5,14
4,6,14
4,7,13
4,8,16
4,9,18
4,10,13
4,11,15
4,12,16
4,13,15
4,14,16
4,15,26
4,16,27
4,17,19
4,18,19
4,19,15
4,20,15
4,21,13
4,22,12
4,23,14
4,24,15
4,25,15
4,26,14
4,27,15
4,28,19
4,29,17
4,30,16
4,31,16
4,32,18
4,33,14
4,34,15
4,35,19
4,36,15
4,37,13
4,38,15
4,39,16
5,0,18
5,1,13
5,2,10
5,3,13
5,4,14
5,5,15
5,6,13
5,7,12
5,8,11
5,9,12
5,10,13
5,11,14
5,12,12
5,13,14
5,14,17
5,15,27
5,16,27
5,17,19
5,18,17
5,19,14
5,20,13
5,21,11
5,22,13
5,23,15
5,24,15
5,25,15
5,26,13
5,27,13
5,28,18
5,29,15
5,30,14
5,31,16
5,32,18
5,33,13
5,34,13
5,35,17
5,36,14
5,37,13
5,38,13
5,39,15
6,0,18
6,1,19
6,2,18
6,3,11
6,4,11
6,5,13
6,6,12
6,7,9
6,8,14
6,9,13
6,10,12
6,11,13
6,12,13
6,13,14
6,14,14
6,15,27
6,16,26
6,17,17
6,18,14
6,19,13
6,20,10
6,21,11
6,22,12
6,23,13
6,24,16
6,25,17
6,26,14
6,27,14
6,28,19
6,29,17
6,30,15
6,31,16
6,32,17
6,33,14
6,34,13
6,35,18
6,36,15
6,37,12
6,38,13
6,39,17
7,0,20
7,1,19
7,2,17
7,3,16
7,4,14
7,5,15
7,6,14
7,7,12
7,8,14
7,9,8
7,10,9
7,11,9
7,12,11
7,13,15
7,14,12
7,15,26
7,16,26
7,17,19
7,18,13
7,19,14
7,20,14
7,21,12
7,22,12
7,23,12
7,24,14
7,25,16
7,26,13
7,27,14
7,28,20
7,29,16
7,30,14
7,31,16
7,32,17
7,33,13
7,34,13
7,35,18
7,36,15
7,37,12
7,38,14
7,39,16
8,0,22
8,1,18
8,2,11
8,3,15
8,4,15
8,5,14
8,6,13
8,7,12
8,8,9
8,9,13
8,10,14
8,11,15
8,12,12
8,13,13
8,14,14
8,15,27
8,16,26
8,17,18
8,18,13
8,19,15
8,20,13
8,21,11
8,22,9
8,23,12
8,24,13
8,25,16
8,26,13
8,27,13
8,28,19
8,29,16
8,30,14
8,31,15
8,32,17
8,33,14
8,34,14
8,35,15
8,36,13
8,37,11
8,38,13
8,39,15
9,0,17
9,1,15
9,2,15
9,3,15
9,4,15
9,5,9
9,6,10
9,7,14
9,8,11
9,9,14
9,10,12
9,11,10
9,12,8
9,13,12
9,14,16
9,15,28
9,16,25
9,17,17
9,18,13
9,19,12
9,20,14
9,21,13
9,22,15
9,23,14
9,24,14
9,25,14
9,26,12
9,27,15
9,28,19
9,29,15
9,30,15
9,31,17
9,32,17
9,33,12
9,34,13
9,35,17
9,36,14
9,37,11
9,38,13
9,39,16
10,0,17
10,1,14
10,2,14
10,3,15
10,4,15
10,5,11
10,6,9
10,7,10
10,8,12
10,9,12
10,10,12
10,11,11
10,12,14
10,13,14
10,14,17
10,15,23
10,16,25
10,17,17
10,18,14
10,19,12
10,20,11
10,21,10
10,22,15
10,23,12
10,24,11
10,25,14
10,26,12
10,27,12
10,28,17
10,29,13
10,30,12
10,31,15
10,32,13
10,33,11
10,34,12
10,35,14
10,36,12
10,37,12
10,38,11
10,39,12
11,0,19
11,1,14
11,2,17
11,3,14
11,4,13
11,5,16
11,6,13
11,7,13
11,8,12
11,9,15
11,10,14
11,11,12
11,12,14
11,13,14
11,14,14
11,15,21
11,16,21
11,17,15
11,18,13
11,19,13
11,20,14
11,21,11
11,22,11
11,23,11
11,24,12
11,25,11
11,26,13
11,27,13
11,28,16
11,29,14
11,30,10
11,31,10
11,32,13
11,33,11
11,34,10
11,35,12
11,36,12
11,37,11
11,38,10
11,39,12
12,0,20
12,1,18
12,2,14
12,3,11
12,4,13
12,5,13
12,6,14
12,7,14
12,8,11
12,9,15
12,10,11
12,11,11
12,12,13
12,13,11
12,14,13
12,15,19
12,16,19
12,17,16
12,18,13
12,19,14
12,20,12
12,21,12
12,22,13
12,23,13
12,24,13
12,25,13
12,26,11
12,27,11
12,28,14
12,29,12
12,30,11
12,31,12
12,32,11
12,33,9
12,34,11
12,35,11
12,36,11
12,37,11
12,38,11
12,39,10
13,0,19
13,1,17
13,2,16
13,3,14
13,4,13
13,5,11
13,6,10
13,7,12
13,8,12
13,9,11
13,10,11
13,11,10
13,12,14
13,13,12
13,14,12
13,15,17
13,16,18
13,17,14
13,18,15
13,19,14
13,20,12
13,21,15
13,22,14
13,23,13
13,24,13
13,25,11
13,26,13
13,27,12
13,28,14
13,29,11
13,30,8
13,31,10
13,32,11
13,33,10
13,34,10
13,35,13
13,36,12
13,37,10
13,38,8
13,39,11
14,0,18
14,1,15
14,2,16
14,3,11
14,4,15
14,5,17
14,6,14
14,7,11
14,8,13
14,9,15
14,10,14
14,11,11
14,12,13
14,13,13
14,14,13
14,15,19
14,16,19
14,17,12
14,18,15
14,19,13
14,20,12
14,21,13
14,22,12
14,23,11
14,24,12
14,25,11
14,26,12
14,27,12
14,28,13
14,29,14
14,30,11
14,31,12
14,32,11
14,33,11
14,34,12
14,35,11
14,36,11
14,37,10
14,38,10
14,39,9
15,0,17
15,1,18
15,2,16
15,3,18
15,4,16
15,5,12
15,6,14
15,7,15
15,8,12
15,9,12
15,10,21
15,11,17
15,12,12
15,13,12
15,14,11
15,15,22
15,16,20
15,17,13
15,18,13
15,19,13
15,20,16
15,21,19
15,22,14
15,23,16
15,24,23
15,25,23
15,26,15
15,27,20
15,28,16
15,29,15
15,30,15
15,31,14
15,32,15
15,33,14
15,34,12
15,35,14
15,36,13
15,37,12
15,38,14
15,39,12
16,0,14
16,1,16
16,2,13
16,3,13
16,4,15
16,5,13
16,6,14
16,7,15
16,8,12
16,9,14
16,10,23
16,11,17
16,12,5
16,13,10
16,14,15
16,15,21
16,16,26
16,17,19
16,18,13
16,19,13
16,20,15
16,21,17
16,22,12
16,23,15
16,24,22
16,25,22
16,26,15
16,27,21
16,28,15
16,29,17
16,30,13
16,31,15
16,32,16
16,33,17
16,34,14
16,35,18
16,36,15
16,37,10
16,38,12
16,39,14
17,0,22
17,1,18
17,2,16
17,3,17
17,4,15
17,5,15
17,6,14
17,7,14
17,8,14
17,9,14
17,10,18
17,11,11
17,12,10
17,13,13
17,14,12
17,15,21
17,16,27
17,17,19
17,18,14
17,19,14
17,20,14
17,21,15
17,22,12
17,23,13
17,24,17
17,25,16
17,26,12
17,27,17
17,28,14
17,29,17
17,30,12
17,31,13
17,32,15
17,33,15
17,34,14
17,35,16
17,36,15
17,37,11
17,38,11
17,39,13
18,0,21
18,1,16
18,2,14
18,3,12
18,4,13
18,5,14
18,6,13
18,7,12
18,8,16
18,9,15
18,10,17
18,11,13
18,12,14
18,13,12
18,14,14
18,15,23
18,16,27
18,17,17
18,18,13
18,19,11
18,20,11
18,21,11
18,22,12
18,23,14
18,24,17
18,25,16
18,26,12
18,27,15
18,28,16
18,29,16
18,30,11
18,31,13
18,32,12
18,33,14
18,34,12
18,35,15
18,36,15
18,37,11
18,38,10
18,39,12
19,0,18
19,1,15
19,2,14
19,3,19
19,4,17
19,5,15
19,6,12
19,7,9
19,8,13
19,9,15
19,10,16
19,11,13
19,12,12
19,13,14
19,14,11
19,15,17
19,16,25
19,17,17
19,18,12
19,19,11
19,20,14
19,21,11
19,22,10
19,23,12
19,24,17
19,25,16
19,26,11
19,27,14
19,28,15
19,29,18
19,30,14
19,31,13
19,32,13
19,33,14
19,34,13
19,35,15
19,36,16
19,37,10
19,38,12
19,39,14
20,0,18
20,1,13
20,2,14
20,3,16
20,4,10
20,5,14
20,6,15
20,7,12
20,8,13
20,9,14
20,10,13
20,11,11
20,12,12
20,13,10
20,14,16
20,15,21
20,16,26
20,17,17
20,18,12
20,19,13
20,20,12
20,21,13
20,22,14
20,23,12
20,24,13
20,25,13
20,26,10
20,27,13
20,28,14
20,29,16
20,30,12
20,31,14
20,32,13
20,33,16
20,34,11
20,35,14
20,36,14
20,37,11
20,38,12
20,39,13
21,0,17
21,1,13
21,2,15
21,3,9
21,4,16
21,5,16
21,6,12
21,7,10
21,8,12
21,9,13
21,10,15
21,11,14
21,12,13
21,13,10
21,14,10
21,15,21
21,16,25
21,17,16
21,18,11
21,19,13
21,20,13
21,21,13
21,22,13
21,23,14
21,24,17
21,25,16
21,26,12
21,27,16
21,28,14
21,29,18
21,30,14
21,31,14
21,32,14
21,33,17
21,34,13
21,35,13
21,36,15
21,37,11
21,38,10
21,39,12
22,0,20
22,1,19
22,2,17
22,3,14
22,4,14
22,5,14
22,6,12
22,7,12
22,8,12
22,9,11
22,10,13
22,11,13
22,12,12
22,13,13
22,14,13
22,15,20
22,16,26
22,17,18
22,18,12
22,19,11
22,20,13
22,21,14
22,22,12
22,23,12
22,24,16
22,25,14
22,26,12
22,27,15
22,28,13
22,29,17
22,30,14
22,31,14
22,32,14
22,33,15
22,34,13
22,35,15
22,36,16
22,37,10
22,38,12
22,39,13
23,0,16
23,1,14
23,2,13
23,3,15
23,4,16
23,5,12
23,6,11
23,7,13
23,8,13
23,9,15
23,10,14
23,11,11
23,12,13
23,13,13
23,14,15
23,15,21
23,16,27
23,17,21
23,18,13
23,19,13
23,20,11
23,21,15
23,22,13
23,23,13
23,24,17
23,25,14
23,26,12
23,27,16
23,28,15
23,29,20
23,30,16
23,31,15
23,32,14
23,33,15
23,34,12
23,35,15
23,36,17
23,37,11
23,38,13
23,39,14
24,0,9
24,1,16
24,2,15
24,3,16
24,4,16
24,5,10
24,6,11
24,7,16
24,8,12
24,9,11
24,10,14
24,11,11
24,12,12
24,13,12
24,14,14
24,15,20
24,16,28
24,17,28
24,18,14
24,19,11
24,20,15
24,21,15
24,22,12
24,23,10
24,24,14
24,25,13
24,26,13
24,27,17
24,28,13
24,29,19
24,30,17
24,31,15
24,32,17
24,33,16
24,34,16
24,35,17
24,36,14
24,37,13
24,38,15
24,39,16
25,0,18
25,1,15
25,2,11
25,3,14
25,4,12
25,5,10
25,6,12
25,7,13
25,8,13
25,9,12
25,10,14
25,11,10
25,12,15
25,13,16
25,14,20
25,15,24
25,16,27
25,17,27
25,18,14
25,19,11
25,20,13
25,21,14
25,22,15
25,23,12
25,24,13
25,25,16
25,26,14
25,27,19
25,28,17
25,29,20
25,30,17
25,31,17
25,32,17
25,33,16
25,34,16
25,35,19
25,36,17
25,37,14
25,38,15
25,39,16
26,0,18
26,1,17
26,2,15
26,3,14
26,4,10
26,5,13
26,6,14
26,7,12
26,8,13
26,9,14
26,10,11
26,11,16
26,12,20
26,13,20
26,14,28
26,15,22
26,16,26
26,17,25
26,18,14
26,19,12
26,20,13
26,21,14
26,22,15
26,23,14
26,24,14
26,25,15
26,26,18
26,27,17
26,28,12
26,29,17
26,30,14
26,31,15
26,32,15
26,33,16
26,34,14
26,35,16
26,36,16
26,37,12
26,38,16
26,39,16
27,0,14
27,1,12
27,2,14
27,3,15
27,4,13
27,5,9
27,6,13
27,7,11
27,8,13
27,9,13
27,10,13
27,11,15
27,12,14
27,13,16
27,14,28
27,15,19
27,16,24
27,17,23
27,18,12
27,19,13
27,20,13
27,21,18
27,22,15
27,23,11
27,24,13
27,25,13
27,26,16
27,27,18
27,28,14
27,29,16
27,30,16
27,31,14
27,32,17
27,33,15
27,34,14
27,35,15
27,36,13
27,37,11
27,38,13
27,39,15
28,0,18
28,1,16
28,2,18
28,3,17
28,4,16
28,5,14
28,6,14
28,7,15
28,8,12
28,9,10
28,10,13
28,11,13
28,12,12
28,13,13
28,14,29
28,15,17
28,16,20
28,17,22
28,18,14
28,19,13
28,20,12
28,21,15
28,22,18
28,23,11
28,24,13
28,25,14
28,26,15
28,27,14
28,28,15
28,29,16
28,30,18
28,31,14
28,32,14
28,33,14
28,34,13
28,35,17
28,36,15
28,37,13
28,38,16
28,39,15
29,0,20
29,1,16
29,2,14
29,3,13
29,4,9
29,5,13
29,6,16
29,7,11
29,8,15
29,9,12
29,10,10
29,11,11
29,12,14
29,13,17
29,14,29
29,15,23
29,16,25
29,17,20
29,18,10
29,19,12
29,20,15
29,21,16
29,22,16
29,23,12
29,24,14
29,25,14
29,26,16
29,27,17
29,28,12
29,29,13
29,30,16
29,31,15
29,32,16
29,33,15
29,34,15
29,35,16
29,36,14
29,37,11
29,38,14
29,39,15
30,0,18
30,1,18
30,2,12
30,3,11
30,4,14
30,5,14
30,6,14
30,7,13
30,8,14
30,9,13
30,10,13
30,11,13
30,12,16
30,13,16
30,14,29
30,15,22
30,16,23
30,17,19
30,18,13
30,19,12
30,20,13
30,21,15
30,22,16
30,23,12
30,24,13
30,25,14
30,26,16
30,27,16
30,28,12
30,29,17
30,30,16
30,31,13
30,32,14
30,33,14
30,34,14
30,35,15
30,36,12
30,37,11
30,38,15
30,39,14
31,0,18
31,1,14
31,2,17
31,3,15
31,4,12
31,5,14
31,6,10
31,7,12
31,8,10
31,9,12
31,10,14
31,11,10
31,12,11
31,13,16
31,14,29
31,15,21
31,16,23
31,17,19
31,18,13
31,19,14
31,20,13
31,21,16
31,22,17
31,23,13
31,24,14
31,25,14
31,26,14
31,27,16
31,28,13
31,29,15
31,30,18
31,31,16
31,32,16
31,33,16
31,34,15
31,35,15
31,36,15
31,37,10
31,38,14
31,39,15
32,0,17
32,1,16
32,2,16
32,3,15
32,4,10
32,5,12
32,6,8
32,7,12
32,8,11
32,9,12
32,10,10
32,11,12
32,12,15
32,13,16
32,14,29
32,15,19
32,16,21
32,17,19
32,18,12
32,19,13
32,20,10
32,21,14
32,22,18
32,23,9
32,24,12
32,25,13
32,26,16
32,27,17
32,28,13
32,29,15
32,30,15
32,31,14
32,32,15
32,33,15
32,34,14
32,35,17
32,36,14
32,37,13
32,38,15
32,39,14
33,0,21
33,1,21
33,2,19
33,3,14
33,4,16
33,5,15
33,6,14
33,7,13
33,8,12
33,9,8
33,10,12
33,11,12
33,12,14
33,13,16
33,14,29
33,15,20
33,16,21
33,17,15
33,18,12
33,19,12
33,20,12
33,21,16
33,22,18
33,23,13
33,24,14
33,25,14
33,26,16
33,27,17
33,28,14
33,29,16
33,30,17
33,31,14
33,32,13
33,33,15
33,34,13
33,35,17
33,36,15
33,37,12
33,38,15
33,39,14
34,0,19
34,1,15
34,2,15
34,3,17
34,4,14
34,5,15
34,6,10
34,7,11
34,8,13
34,9,14
34,10,7
34,11,7
34,12,15
34,13,17
34,14,29
34,15,20
34,16,23
34,17,14
34,18,13
34,19,14
34,20,11
34,21,15
34,22,15
34,23,13
34,24,13
34,25,15
34,26,18
34,27,17
34,28,13
34,29,14
34,30,16
34,31,12
34,32,13
34,33,15
34,34,13
34,35,15
34,36,14
34,37,11
34,38,15
34,39,14
35,0,21
35,1,16
35,2,17
35,3,15
35,4,14
35,5,15
35,6,15
35,7,13
35,8,10
35,9,14
35,10,15
35,11,13
35,12,12
35,13,17
35,14,30
35,15,19
35,16,21
35,17,20
35,18,9
35,19,13
35,20,12
35,21,15
35,22,14
35,23,11
35,24,14
35,25,13
35,26,16
35,27,16
35,28,12
35,29,14
35,30,13
35,31,12
35,32,13
35,33,14
35,34,13
35,35,13
35,36,12
35,37,11
35,38,13
35,39,12
36,0,13
36,1,15
36,2,12
36,3,14
36,4,14
36,5,12
36,6,11
36,7,10
36,8,12
36,9,14
36,10,13
36,11,13
36,12,13
36,13,15
36,14,24
36,15,17
36,16,20
36,17,19
36,18,12
36,19,12
36,20,11
36,21,13
36,22,13
36,23,11
36,24,12
36,25,13
36,26,15
36,27,14
36,28,13
36,29,13
36,30,12
36,31,12
36,32,10
36,33,13
36,34,12
36,35,12
36,36,9
36,37,9
36,38,11
36,39,10
37,0,22
37,1,20
37,2,17
37,3,17
37,4,6
37,5,16
37,6,15
37,7,9
37,8,16
37,9,16
37,10,14
37,11,10
37,12,13
37,13,14
37,14,25
37,15,18
37,16,18
37,17,16
37,18,13
37,19,8
37,20,11
37,21,14
37,22,14
37,23,13
37,24,13
37,25,11
37,26,15
37,27,13
37,28,10
37,29,12
37,30,14
37,31,12
37,32,11
37,33,11
37,34,12
37,35,11
37,36,11
37,37,11
37,38,10
37,39,9
38,0,18
38,1,13
38,2,11
38,3,12
38,4,14
38,5,16
38,6,14
38,7,10
38,8,14
38,9,16
38,10,16
38,11,12
38,12,11
38,13,17
38,14,27
38,15,18
38,16,17
38,17,18
38,18,12
38,19,12
38,20,12
38,21,12
38,22,14
38,23,15
38,24,14
38,25,15
38,26,15
38,27,15
38,28,12
38,29,10
38,30,12
38,31,12
38,32,12
38,33,12
38,34,11
38,35,11
38,36,11
38,37,11
38,38,11
38,39,11
39,0,19
39,1,15
39,2,14
39,3,13
39,4,15
39,5,18
39,6,11
39,7,11
39,8,13
39,9,20
39,10,17
39,11,14
39,12,12
39,13,14
39,14,26
39,15,25
39,16,19
39,17,17
39,18,12
39,19,16
39,20,14
39,21,15
39,22,16
39,23,15
39,24,13
39,25,18
39,26,17
39,27,16
39,28,14
39,29,14
39,30,12
39,31,12
39,32,14
39,33,13
39,34,11
39,35,12
39,36,12
39,37,10
39,38,11
39,39,11
40,0,23
40,1,19
40,2,16
40,3,15
40,4,12
40,5,15
40,6,10
40,7,11
40,8,15
40,9,19
40,10,14
40,11,14
40,12,9
40,13,13
40,14,26
40,15,27
40,16,19
40,17,15
40,18,12
40,19,17
40,20,16
40,21,14
40,22,14
40,23,14
40,24,12
40,25,15
40,26,15
40,27,16
40,28,14
40,29,14
40,30,13
40,31,12
40,32,13
40,33,12
40,34,12
40,35,12
40,36,12
40,37,11
40,38,11
40,39,11
41,0,17
41,1,11
41,2,8
41,3,15
41,4,17
41,5,14
41,6,15
41,7,13
41,8,14
41,9,17
41,10,11
41,11,12
41,12,10
41,13,15
41,14,26
41,15,25
41,16,17
41,17,16
41,18,13
41,19,13
41,20,14
41,21,13
41,22,13
41,23,13
41,24,12
41,25,14
41,26,15
41,27,16
41,28,14
41,29,13
41,30,10
41,31,13
41,32,11
41,33,11
41,34,10
41,35,10
41,36,10
41,37,9
41,38,10
41,39,12
42,0,16
42,1,18
42,2,16
42,3,14
42,4,12
42,5,15
42,6,14
42,7,14
42,8,13
42,9,15
42,10,14
42,11,12
42,12,14
42,13,14
42,14,25
42,15,22
42,16,18
42,17,17
42,18,12
42,19,14
42,20,14
42,21,11
42,22,14
42,23,14
42,24,12
42,25,11
42,26,14
42,27,13
42,28,11
42,29,12
42,30,10
42,31,9
42,32,9
42,33,10
42,34,10
42,35,9
42,36,9
42,37,9
42,38,9
42,39,10
43,0,19
43,1,19
43,2,18
43,3,16
43,4,10
43,5,12
43,6,9
43,7,8
43,8,13
43,9,13
43,10,12
43,11,10
43,12,11
43,13,12
43,14,23
43,15,18
43,16,15
43,17,16
43,18,12
43,19,13
43,20,11
43,21,13
43,22,14
43,23,13
43,24,12
43,25,12
43,26,13
43,27,15
43,28,13
43,29,11
43,30,10
43,31,11
43,32,9
43,33,10
43,34,10
43,35,9
43,36,10
43,37,9
43,38,9
43,39,9
44,0,20
44,1,14
44,2,15
44,3,7
44,4,13
44,5,14
44,6,15
44,7,10
44,8,9
44,9,16
44,10,16
44,11,13
44,12,13
44,13,14
44,14,24
44,15,19
44,16,15
44,17,14
44,18,13
44,19,14
44,20,11
44,21,11
44,22,14
44,23,12
44,24,10
44,25,11
44,26,14
44,27,13
44,28,11
44,29,10
44,30,12
44,31,11
44,32,12
44,33,11
44,34,9
44,35,9
44,36,10
44,37,11
44,38,10
44,39,10
45,0,23
45,1,17
45,2,14
45,3,12
45,4,18
45,5,14
45,6,11
45,7,13
45,8,13
45,9,12
45,10,8
45,11,7
45,12,14
45,13,14
45,14,23
45,15,20
45,16,13
45,17,12
45,18,10
45,19,14
45,20,13
45,21,13
45,22,14
45,23,12
45,24,12
45,25,12
45,26,13
45,27,13
45,28,11
45,29,10
45,30,12
45,31,11
45,32,11
45,33,10
45,34,10
45,35,10
45,36,10
45,37,9
45,38,10
45,39,11
46,0,17
46,1,16
46,2,12
46,3,16
46,4,12
46,5,15
46,6,16
46,7,14
46,8,9
46,9,3
46,10,15
46,11,14
46,12,13
46,13,11
46,14,20
46,15,18
46,16,13
46,17,14
46,18,13
46,19,13
46,20,12
46,21,13
46,22,12
46,23,11
46,24,11
46,25,12
46,26,11
46,27,13
46,28,11
46,29,12
46,30,11
46,31,10
46,32,10
46,33,9
46,34,10
46,35,10
46,36,10
46,37,11
46,38,10
46,39,9
47,0,14
47,1,13
47,2,16
47,3,14
47,4,15
47,5,16
47,6,15
47,7,14
47,8,12
47,9,13
47,10,13
47,11,13
47,12,11
47,13,10
47,14,20
47,15,22
47,16,18
47,17,15
47,18,13
47,19,15
47,20,10
47,21,12
47,22,15
47,23,15
47,24,16
47,25,22
47,26,19
47,27,21
47,28,15
47,29,16
47,30,17
47,31,15
47,32,15
47,33,15
47,34,12
47,35,15
47,36,13
47,37,12
47,38,13
47,39,13
48,0,14
48,1,17
48,2,17
48,3,14
48,4,16
48,5,15
48,6,14
48,7,13
48,8,11
48,9,13
48,10,14
48,11,12
48,12,15
48,13,16
48,14,19
48,15,26
48,16,21
48,17,14
48,18,12
48,19,17
48,20,15
48,21,14
48,22,16
48,23,15
48,24,16
48,25,17
48,26,16
48,27,17
48,28,19
48,29,16
48,30,16
48,31,16
48,32,17
48,33,13
48,34,15
48,35,20
48,36,17
48,37,15
48,38,15
48,39,15
49,0,19
49,1,17
49,2,17
49,3,16
49,4,13
49,5,8
49,6,13
49,7,14
49,8,14
49,9,14
49,10,16
49,11,14
49,12,16
49,13,16
49,14,19
49,15,27
49,16,21
49,17,15
49,18,16
49,19,16
49,20,18
49,21,14
49,22,13
49,23,16
49,24,17
49,25,18
49,26,17
49,27,17
49,28,18
49,29,15
49,30,15
49,31,18
49,32,18
49,33,15
49,34,17
49,35,19
49,36,15
49,37,15
49,38,16
49,39,15
50,0,18
50,1,14
50,2,12
50,3,12
50,4,16
50,5,16
50,6,16
50,7,15
50,8,14
50,9,14
50,10,15
50,11,13
50,12,14
50,13,16
50,14,18
50,15,28
50,16,20
50,17,17
50,18,16
50,19,12
50,20,13
50,21,15
50,22,15
50,23,14
50,24,14
50,25,16
50,26,14
50,27,16
50,28,17
50,29,14
50,30,15
50,31,16
50,32,17
50,33,14
50,34,14
50,35,18
50,36,16
50,37,15
50,38,17
50,39,15
51,0,16
51,1,13
51,2,10
51,3,11
51,4,13
51,5,8
51,6,8
51,7,13
51,8,14
51,9,13
51,10,12
51,11,13
51,12,11
51,13,13
51,14,18
51,15,28
51,16,20
51,17,16
51,18,14
51,19,12
51,20,13
51,21,11
51,22,14
51,23,15
51,24,16
51,25,16
51,26,14
51,27,16
51,28,18
51,29,14
51,30,13
51,31,15
51,32,17
51,33,13
51,34,15
51,35,19
51,36,16
51,37,15
51,38,15
51,39,14
52,0,18
52,1,13
52,2,11
52,3,13
52,4,10
52,5,14
52,6,12
52,7,12
52,8,12
52,9,14
52,10,14
52,11,12
52,12,13
52,13,16
52,14,19
52,15,26
52,16,19
52,17,15
52,18,14
52,19,17
52,20,16
52,21,13
52,22,12
52,23,10
52,24,12
52,25,15
52,26,13
52,27,16
52,28,18
52,29,16
52,30,16
52,31,15
52,32,15
52,33,12
52,34,16
52,35,18
52,36,16
52,37,15
52,38,16
52,39,15
53,0,19
53,1,13
53,2,13
53,3,16
53,4,15
53,5,13
53,6,14
53,7,10
53,8,14
53,9,16
53,10,14
53,11,14
53,12,15
53,13,13
53,14,16
53,15,28
53,16,19
53,17,12
53,18,11
53,19,13
53,20,12
53,21,12
53,22,13
53,23,15
53,24,15
53,25,16
53,26,14
53,27,16
53,28,16
53,29,14
53,30,14
53,31,14
53,32,15
53,33,12
53,34,16
53,35,18
53,36,14
53,37,15
53,38,13
53,39,12
54,0,20
54,1,19
54,2,17
54,3,14
54,4,13
54,5,11
54,6,12
54,7,12
54,8,12
54,9,6
54,10,12
54,11,12
54,12,11
54,13,13
54,14,13
54,15,25
54,16,19
54,17,14
54,18,14
54,19,10
54,20,13
54,21,13
54,22,13
54,23,13
54,24,13
54,25,17
54,26,16
54,27,16
54,28,18
54,29,15
54,30,12
54,31,14
54,32,18
54,33,14
54,34,15
54,35,17
54,36,15
54,37,16
54,38,14
54,39,13
55,0,16
55,1,16
55,2,12
55,3,14
55,4,15
55,5,15
55,6,13
55,7,14
55,8,11
55,9,11
55,10,13
55,11,8
55,12,8
55,13,13
55,14,16
55,15,26
55,16,21
55,17,14
55,18,14
55,19,14
55,20,13
55,21,13
55,22,15
55,23,15
55,24,12
55,25,14
55,26,13
55,27,15
55,28,15
55,29,15
55,30,14
55,31,15
55,32,17
55,33,13
55,34,15
55,35,17
55,36,14
55,37,13
55,38,10
55,39,13
56,0,18
56,1,17
56,2,15
56,3,15
56,4,16
56,5,12
56,6,15
56,7,10
56,8,14
56,9,12
56,10,8
56,11,12
56,12,13
56,13,11
56,14,17
56,15,27
56,16,19
56,17,14
56,18,13
56,19,11
56,20,9
56,21,11
56,22,13
56,23,15
56,24,12
56,25,10
56,26,11
56,27,12
56,28,17
56,29,14
56,30,12
56,31,15
56,32,16
56,33,13
56,34,14
56,35,16
56,36,12
56,37,13
56,38,12
56,39,12
57,0,20
57,1,19
57,2,16
57,3,13
57,4,14
57,5,11
57,6,14
57,7,16
57,8,13
57,9,9
57,10,13
57,11,16
57,12,13
57,13,14
57,14,16
57,15,26
57,16,18
57,17,12
57,18,12
57,19,12
57,20,11
57,21,9
57,22,13
57,23,15
57,24,13
57,25,14
57,26,14
57,27,14
57,28,17
57,29,14
57,30,12
57,31,15
57,32,15
57,33,12
57,34,13
57,35,16
57,36,14
57,37,13
57,38,12
57,39,14
58,0,18
58,1,16
58,2,13
58,3,14
58,4,13
58,5,14
58,6,16
58,7,13
58,8,13
58,9,12
58,10,14
58,11,16
58,12,13
58,13,9
58,14,14
58,15,24
58,16,17
58,17,12
58,18,11
58,19,13
58,20,13
58,21,11
58,22,15
58,23,15
58,24,13
58,25,12
58,26,13
58,27,15
58,28,14
58,29,13
58,30,11
58,31,13
58,32,16
58,33,10
58,34,13
58,35,16
58,36,14
58,37,12
58,38,11
58,39,12
59,0,19
59,1,13
59,2,13
59,3,16
59,4,16
59,5,12
59,6,12
59,7,12
59,8,12
59,9,14
59,10,14
59,11,14
59,12,11
59,13,12
59,14,15
59,15,25
59,16,18
59,17,13
59,18,13
59,19,13
59,20,12
59,21,12
59,22,15
59,23,14
59,24,13
59,25,12
59,26,13
59,27,14
59,28,13
59,29,14
59,30,13
59,31,16
59,32,16
59,33,13
59,34,14
59,35,15
59,36,12
59,37,11
59,38,12
59,39,12
60,0,22
60,1,18
60,2,7
60,3,15
60,4,13
60,5,12
60,6,11
60,7,14
60,8,13
60,9,12
60,10,13
60,11,13
60,12,10
60,13,13
60,14,15
60,15,26
60,16,18
60,17,11
60,18,11
60,19,14
60,20,13
60,21,13
60,22,13
60,23,13
60,24,11
60,25,14
60,26,13
60,27,13
60,28,15
60,29,14
60,30,12
60,31,14
60,32,16
60,33,12
60,34,13
60,35,15
60,36,12
60,37,12
60,38,10
60,39,12
61,0,18
61,1,17
61,2,18
61,3,18
61,4,14
61,5,8
61,6,12
61,7,11
61,8,11
61,9,13
61,10,10
61,11,15
61,12,14
61,13,14
61,14,17
61,15,24
61,16,22
61,17,17
61,18,13
61,19,11
61,20,11
61,21,12
61,22,12
61,23,11
61,24,12
61,25,12
61,26,11
61,27,13
61,28,19
61,29,21
61,30,13
61,31,13
61,32,16
61,33,12
61,34,13
61,35,18
61,36,14
61,37,12
61,38,12
61,39,13
62,0,19
62,1,15
62,2,12
62,3,10
62,4,15
62,5,16
62,6,13
62,7,13
62,8,12
62,9,10
62,10,13
62,11,14
62,12,13
62,13,11
62,14,14
62,15,23
62,16,27
62,17,17
62,18,14
62,19,14
62,20,13
62,21,13
62,22,14
62,23,13
62,24,16
62,25,13
62,26,12
62,27,14
62,28,18
62,29,20
62,30,13
62,31,14
62,32,14
62,33,15
62,34,14
62,35,16
62,36,17
62,37,13
62,38,11
62,39,13
63,0,18
63,1,20
63,2,18
63,3,16
63,4,11
63,5,16
63,6,12
63,7,11
63,8,15
63,9,12
63,10,14
63,11,16
63,12,15
63,13,14
63,14,16
63,15,21
63,16,29
63,17,15
63,18,10
63,19,10
63,20,11
63,21,12
63,22,12
63,23,13
63,24,19
63,25,15
63,26,11
63,27,13
63,28,15
63,29,18
63,30,11
63,31,13
63,32,13
63,33,15
63,34,14
63,35,15
63,36,16
63,37,12
63,38,11
63,39,11
64,0,16
64,1,17
64,2,15
64,3,17
64,4,17
64,5,16
64,6,15
64,7,14
64,8,15
64,9,14
64,10,12
64,11,11
64,12,12
64,13,13
64,14,15
64,15,20
64,16,28
64,17,16
64,18,11
64,19,12
64,20,12
64,21,13
64,22,13
64,23,13
64,24,16
64,25,15
64,26,12
64,27,15
64,28,15
64,29,18
64,30,11
64,31,12
64,32,14
64,33,15
64,34,13
64,35,13
64,36,15
64,37,12
64,38,12
64,39,13
65,0,20
65,1,18
65,2,11
65,3,12
65,4,11
65,5,12
65,6,12
65,7,14
65,8,13
65,9,12
65,10,13
65,11,13
65,12,12
65,13,14
65,14,13
65,15,22
65,16,29
65,17,19
65,18,14
65,19,13
65,20,13
65,21,14
65,22,11
65,23,12
65,24,18
65,25,14
65,26,12
65,27,15
65,28,16
65,29,17
65,30,10
65,31,13
65,32,14
65,33,15
65,34,15
65,35,15
65,36,16
65,37,13
65,38,12
65,39,12
66,0,20
66,1,18
66,2,16
66,3,16
66,4,16
66,5,11
66,6,13
66,7,15
66,8,9
66,9,9
66,10,16
66,11,15
66,12,15
66,13,12
66,14,13
66,15,21
66,16,29
66,17,21
66,18,14
66,19,9
66,20,12
66,21,11
66,22,9
66,23,14
66,24,18
66,25,16
66,26,12
66,27,13
66,28,14
66,29,16
66,30,13
66,31,14
66,32,14
66,33,14
66,34,13
66,35,15
66,36,18
66,37,13
66,38,11
66,39,12
67,0,21
67,1,16
67,2,14
67,3,16
67,4,15
67,5,12
67,6,13
67,7,13
67,8,12
67,9,10
67,10,11
67,11,11
67,12,12
67,13,12
67,14,11
67,15,18
67,16,27
67,17,20
67,18,12
67,19,13
67,20,13
67,21,13
67,22,12
67,23,13
67,24,15
67,25,13
67,26,9
67,27,13
67,28,13
67,29,16
67,30,13
67,31,15
67,32,14
67,33,14
67,34,12
67,35,15
67,36,17
67,37,13
67,38,13
67,39,13
68,0,22
68,1,19
68,2,15
68,3,7
68,4,14
68,5,16
68,6,11
68,7,17
68,8,15
68,9,14
68,10,17
68,11,14
68,12,13
68,13,12
68,14,12
68,15,19
68,16,28
68,17,19
68,18,13
68,19,13
68,20,12
68,21,13
68,22,11
68,23,11
68,24,17
68,25,15
68,26,11
68,27,13
68,28,14
68,29,16
68,30,12
68,31,14
68,32,15
68,33,15
68,34,13
68,35,16
68,36,17
68,37,13
68,38,12
68,39,14
69,0,19
69,1,18
69,2,14
69,3,16
69,4,17
69,5,14
69,6,15
69,7,12
69,8,10
69,9,10
69,10,13
69,11,13
69,12,9
69,13,13
69,14,14
69,15,21
69,16,26
69,17,21
69,18,13
69,19,11
69,20,11
69,21,14
69,22,13
69,23,11
69,24,18
69,25,16
69,26,13
69,27,12
69,28,13
69,29,15
69,30,11
69,31,13
69,32,15
69,33,14
69,34,14
69,35,16
69,36,18
69,37,13
69,38,13
69,39,13
70,0,20
70,1,16
70,2,13
70,3,10
70,4,9
70,5,16
70,6,9
70,7,14
70,8,12
70,9,15
70,10,16
70,11,15
70,12,11
70,13,10
70,14,10
70,15,19
70,16,28
70,17,21
70,18,13
70,19,13
70,20,13
70,21,12
70,22,11
70,23,13
70,24,19
70,25,17
70,26,13
70,27,12
70,28,12
70,29,17
70,30,14
70,31,15
70,32,15
70,33,16
70,34,14
70,35,16
70,36,18
70,37,14
70,38,13
70,39,12
71,0,17
71,1,17
71,2,16
71,3,17
71,4,13
71,5,15
71,6,14
71,7,12
71,8,11
71,9,11
71,10,12
71,11,16
71,12,14
71,13,14
71,14,14
71,15,19
71,16,28
71,17,32
71,18,29
71,19,18
71,20,12
71,21,13
71,22,17
71,23,14
71,24,16
71,25,15
71,26,13
71,27,14
71,28,15
71,29,17
71,30,20
71,31,21
71,32,16
71,33,16
71,34,14
71,35,18
71,36,19
71,37,16
71,38,11
71,39,15
72,0,22
72,1,20
72,2,16
72,3,12
72,4,13
72,5,8
72,6,11
72,7,14
72,8,11
72,9,12
72,10,14
72,11,17
72,12,15
72,13,10
72,14,8
72,15,19
72,16,23
72,17,25
72,18,29
72,19,17
72,20,12
72,21,12
72,22,15
72,23,15
72,24,15
72,25,16
72,26,15
72,27,16
72,28,14
72,29,17
72,30,14
72,31,19
72,32,19
72,33,14
72,34,14
72,35,18
72,36,18
72,37,15
72,38,14
72,39,16
73,0,17
73,1,17
73,2,17
73,3,16
73,4,16
73,5,12
73,6,10
73,7,11
73,8,14
73,9,10
73,10,13
73,11,17
73,12,16
73,13,11
73,14,11
73,15,18
73,16,25
73,17,25
73,18,30
73,19,19
73,20,12
73,21,12
73,22,15
73,23,13
73,24,15
73,25,17
73,26,16
73,27,15
73,28,13
73,29,16
73,30,16
73,31,20
73,32,18
73,33,13
73,34,14
73,35,19
73,36,18
73,37,16
73,38,14
73,39,16
74,0,19
74,1,18
74,2,16
74,3,11
74,4,14
74,5,12
74,6,14
74,7,15
74,8,13
74,9,14
74,10,13
74,11,14
74,12,13
74,13,14
74,14,13
74,15,17
74,16,26
74,17,31
74,18,32
74,19,23
74,20,16
74,21,18
74,22,14
74,23,14
74,24,20
74,25,17
74,26,17
74,27,16
74,28,12
74,29,18
74,30,19
74,31,23
74,32,19
74,33,16
74,34,16
74,35,20
74,36,20
74,37,15
74,38,12
74,39,16
75,0,13
75,1,14
75,2,12
75,3,15
75,4,16
75,5,12
75,6,16
75,7,13
75,8,10
75,9,11
75,10,18
75,11,14
75,12,13
75,13,14
75,14,10
75,15,15
75,16,28
75,17,29
75,18,27
75,19,19
75,20,14
75,21,15
75,22,14
75,23,12
75,24,17
75,25,17
75,26,14
75,27,15
75,28,11
75,29,17
75,30,17
75,31,18
75,32,14
75,33,15
75,34,15
75,35,19
75,36,19
75,37,13
75,38,11
75,39,16
76,0,21
76,1,16
76,2,16
76,3,16
76,4,15
76,5,16
76,6,15
76,7,17
76,8,15
76,9,13
76,10,16
76,11,13
76,12,12
76,13,13
76,14,13
76,15,17
76,16,28
76,17,28
76,18,27
76,19,17
76,20,12
76,21,15
76,22,14
76,23,13
76,24,21
76,25,17
76,26,11
76,27,14
76,28,10
76,29,17
76,30,17
76,31,17
76,32,16
76,33,17
76,34,15
76,35,18
76,36,19
76,37,14
76,38,12
76,39,17
77,0,23
77,1,19
77,2,12
77,3,17
77,4,14
77,5,17
77,6,15
77,7,11
77,8,15
77,9,13
77,10,17
77,11,13
77,12,10
77,13,12
77,14,13
77,15,13
77,16,27
77,17,29
77,18,24
77,19,15
77,20,11
77,21,14
77,22,12
77,23,15
77,24,20
77,25,18
77,26,12
77,27,15
77,28,13
77,29,20
77,30,15
77,31,17
77,32,16
77,33,19
77,34,17
77,35,18
77,36,20
77,37,16
77,38,13
77,39,16
78,0,21
78,1,20
78,2,16
78,3,15
78,4,13
78,5,14
78,6,16
78,7,15
78,8,14
78,9,16
78,10,12
78,11,11
78,12,11
78,13,11
78,14,15
78,15,17
78,16,27
78,17,25
78,18,23
78,19,12
78,20,13
78,21,16
78,22,15
78,23,12
78,24,20
78,25,17
78,26,13
78,27,17
78,28,13
78,29,19
78,30,15
78,31,17
78,32,17
78,33,17
78,34,16
78,35,18
78,36,20
78,37,14
78,38,14
78,39,16
79,0,9
79,1,16
79,2,16
79,3,14
79,4,13
79,5,13
79,6,16
79,7,15
79,8,13
79,9,10
79,10,15
79,11,11
79,12,13
79,13,12
79,14,9
79,15,17
79,16,28
79,17,26
79,18,23
79,19,15
79,20,13
79,21,12
79,22,12
79,23,13
79,24,19
79,25,16
79,26,15
79,27,17
79,28,13
79,29,18
79,30,16
79,31,15
79,32,15
79,33,16
79,34,17
79,35,18
79,36,19
79,37,15
79,38,12
79,39,15
80,0,20
80,1,19
80,2,17
80,3,15
80,4,10
80,5,16
80,6,16
80,7,14
80,8,12
80,9,11
80,10,16
80,11,15
80,12,15
80,13,11
80,14,13
80,15,17
80,16,28
80,17,28
80,18,24
80,19,14
80,20,13
80,21,13
80,22,13
80,23,15
80,24,19
80,25,12
80,26,12
80,27,15
80,28,16
80,29,22
80,30,17
80,31,16
80,32,17
80,33,17
80,34,17
80,35,18
80,36,20
80,37,16
80,38,13
80,39,16
81,0,22
81,1,19
81,2,19
81,3,17
81,4,13
81,5,15
81,6,12
81,7,14
81,8,11
81,9,14
81,10,14
81,11,13
81,12,11
81,13,12
81,14,13
81,15,26
81,16,32
81,17,26
81,18,23
81,19,18
81,20,12
81,21,11
81,22,15
81,23,16
81,24,15
81,25,12
81,26,13
81,27,15
81,28,21
81,29,23
81,30,16
81,31,18
81,32,19
81,33,16
81,34,16
81,35,21
81,36,19
81,37,15
81,38,14
81,39,19
82,0,20
82,1,16
82,2,15
82,3,13
82,4,12
82,5,13
82,6,12
82,7,10
82,8,11
82,9,14
82,10,14
82,11,13
82,12,9
82,13,12
82,14,14
82,15,23
82,16,31
82,17,25
82,18,20
82,19,15
82,20,12
82,21,12
82,22,13
82,23,15
82,24,21
82,25,17
82,26,13
82,27,15
82,28,20
82,29,25
82,30,14
82,31,16
82,32,17
82,33,17
82,34,17
82,35,21
82,36,21
82,37,15
82,38,13
82,39,16
83,0,14
83,1,14
83,2,13
83,3,11
83,4,10
83,5,14
83,6,17
83,7,14
83,8,8
83,9,12
83,10,13
83,11,13
83,12,12
83,13,15
83,14,13
83,15,22
83,16,32
83,17,25
83,18,18
83,19,13
83,20,12
83,21,14
83,22,13
83,23,12
83,24,17
83,25,16
83,26,13
83,27,15
83,28,19
83,29,22
83,30,13
83,31,15
83,32,18
83,33,19
83,34,16
83,35,16
83,36,20
83,37,14
83,38,13
83,39,17
84,0,14
84,1,16
84,2,16
84,3,15
84,4,13
84,5,12
84,6,14
84,7,12
84,8,16
84,9,14
84,10,10
84,11,9
84,12,11
84,13,10
84,14,14
84,15,19
84,16,31
84,17,26
84,18,20
84,19,9
84,20,11
84,21,12
84,22,13
84,23,12
84,24,18
84,25,17
84,26,13
84,27,16
84,28,18
84,29,20
84,30,14
84,31,17
84,32,17
84,33,16
84,34,17
84,35,18
84,36,20
84,37,14
84,38,12
84,39,15
85,0,18
85,1,17
85,2,12
85,3,15
85,4,11
85,5,12
85,6,13
85,7,12
85,8,12
85,9,11
85,10,13
85,11,13
85,12,13
85,13,12
85,14,14
85,15,20
85,16,30
85,17,25
85,18,16
85,19,12
85,20,12
85,21,12
85,22,13
85,23,15
85,24,20
85,25,17
85,26,14
85,27,14
85,28,17
85,29,19
85,30,13
85,31,13
85,32,16
85,33,18
85,34,15
85,35,18
85,36,19
85,37,15
85,38,12
85,39,15
86,0,18
86,1,16
86,2,14
86,3,14
86,4,11
86,5,14
86,6,15
86,7,12
86,8,14
86,9,9
86,10,12
86,11,13
86,12,12
86,13,12
86,14,14
86,15,19
86,16,31
86,17,25
86,18,18
86,19,13
86,20,11
86,21,14
86,22,14
86,23,15
86,24,20
86,25,17
86,26,14
86,27,17
86,28,15
86,29,17
86,30,14
86,31,14
86,32,16
86,33,18
86,34,17
86,35,17
86,36,18
86,37,15
86,38,13
86,39,16
87,0,19
87,1,18
87,2,16
87,3,10
87,4,16
87,5,13
87,6,14
87,7,12
87,8,14
87,9,12
87,10,14
87,11,14
87,12,14
87,13,14
87,14,13
87,15,18
87,16,28
87,17,25
87,18,18
87,19,12
87,20,10
87,21,14
87,22,13
87,23,15
87,24,18
87,25,16
87,26,13
87,27,15
87,28,16
87,29,19
87,30,14
87,31,16
87,32,15
87,33,17
87,34,16
87,35,17
87,36,19
87,37,14
87,38,11
87,39,15
88,0,12
88,1,16
88,2,12
88,3,12
88,4,14
88,5,11
88,6,9
88,7,11
88,8,15
88,9,12
88,10,13
88,11,13
88,12,14
88,13,15
88,14,15
88,15,18
88,16,29
88,17,25
88,18,19
88,19,14
88,20,12
88,21,12
88,22,13
88,23,15
88,24,19
88,25,14
88,26,14
88,27,15
88,28,14
88,29,18
88,30,15
88,31,15
88,32,15
88,33,17
88,34,16
88,35,17
88,36,18
88,37,14
88,38,11
88,39,14
89,0,17
89,1,12
89,2,15
89,3,13
89,4,13
89,5,14
89,6,12
89,7,12
89,8,12
89,9,14
89,10,11
89,11,12
89,12,14
89,13,13
89,14,14
89,15,16
89,16,29
89,17,24
89,18,18
89,19,14
89,20,12
89,21,11
89,22,12
89,23,14
89,24,18
89,25,16
89,26,12
89,27,12
89,28,16
89,29,19
89,30,14
89,31,15
89,32,16
89,33,17
89,34,16
89,35,15
89,36,16
89,37,14
89,38,11
89,39,13
90,0,13
90,1,17
90,2,14
90,3,15
90,4,17
90,5,16
90,6,16
90,7,10
90,8,10
90,9,12
90,10,12
90,11,12
90,12,10
90,13,11
90,14,12
90,15,21
90,16,30
90,17,25
90,18,16
90,19,13
90,20,13
90,21,13
90,22,12
90,23,16
90,24,20
90,25,15
90,26,12
90,27,14
90,28,13
90,29,18
90,30,13
90,31,14
90,32,14
90,33,17
90,34,15
90,35,17
90,36,18
90,37,12
90,38,10
90,39,13
91,0,22
91,1,17
91,2,16
91,3,15
91,4,14
91,5,16
91,6,16
91,7,16
91,8,14
91,9,11
91,10,15
91,11,13
91,12,11
91,13,10
91,14,11
91,15,16
91,16,29
91,17,24
91,18,15
91,19,12
91,20,11
91,21,13
91,22,11
91,23,15
91,24,20
91,25,16
91,26,14
91,27,15
91,28,14
91,29,18
91,30,14
91,31,13
91,32,14
91,33,16
91,34,16
91,35,16
91,36,16
91,37,13
91,38,11
91,39,12
92,0,22
92,1,20
92,2,17
92,3,6
92,4,18
92,5,15
92,6,12
92,7,11
92,8,12
92,9,14
92,10,14
92,11,15
92,12,12
92,13,9
92,14,13
92,15,15
92,16,29
92,17,24
92,18,14
92,19,13
92,20,13
92,21,13
92,22,12
92,23,14
92,24,18
92,25,16
92,26,12
92,27,12
92,28,15
92,29,18
92,30,13
92,31,14
92,32,15
92,33,17
92,34,16
92,35,16
92,36,18
92,37,13
92,38,10
92,39,12
93,0,19
93,1,15
93,2,14
93,3,15
93,4,16
93,5,17
93,6,12
93,7,15
93,8,13
93,9,11
93,10,14
93,11,15
93,12,14
93,13,13
93,14,13
93,15,18
93,16,28
93,17,25
93,18,15
93,19,12
93,20,14
93,21,12
93,22,12
93,23,12
93,24,20
93,25,15
93,26,12
93,27,14
93,28,12
93,29,17
93,30,13
93,31,14
93,32,15
93,33,17
93,34,16
93,35,18
93,36,19
93,37,13
93,38,10
93,39,12
94,0,18
94,1,15
94,2,15
94,3,13
94,4,12
94,5,13
94,6,13
94,7,11
94,8,12
94,9,12
94,10,15
94,11,14
94,12,11
94,13,11
94,14,14
94,15,16
94,16,29
94,17,24
94,18,15
94,19,13
94,20,14
94,21,12
94,22,12
94,23,13
94,24,20
94,25,17
94,26,12
94,27,14
94,28,14
94,29,22
94,30,12
94,31,11
94,32,14
94,33,18
94,34,16
94,35,15
94,36,19
94,37,13
94,38,10
94,39,13
95,0,2
95,1,12
95,2,12
95,3,16
95,4,14
95,5,15
95,6,12
95,7,12
95,8,11
95,9,14
95,10,15
95,11,15
95,12,14
95,13,12
95,14,12
95,15,18
95,16,30
95,17,23
95,18,14
95,19,13
95,20,14
95,21,12
95,22,12
95,23,16
95,24,19
95,25,14
95,26,13
95,27,13
95,28,15
95,29,23
95,30,13
95,31,13
95,32,17
95,33,18
95,34,16
95,35,18
95,36,20
95,37,13
95,38,11
95,39,13
96,0,20
96,1,18
96,2,16
96,3,15
96,4,9
96,5,13
96,6,14
96,7,13
96,8,11
96,9,14
96,10,13
96,11,12
96,12,14
96,13,14
96,14,16
96,15,20
96,16,29
96,17,24
96,18,16
96,19,14
96,20,14
96,21,12
96,22,13
96,23,14
96,24,17
96,25,15
96,26,14
96,27,16
96,28,16
96,29,24
96,30,14
96,31,15
96,32,17
96,33,16
96,34,17
96,35,18
96,36,22
96,37,14
96,38,11
96,39,14
97,0,18
97,1,13
97,2,11
97,3,12
97,4,13
97,5,12
97,6,10
97,7,12
97,8,9
97,9,10
97,10,15
97,11,14
97,12,12
97,13,15
97,14,17
97,15,15
97,16,30
97,17,26
97,18,17
97,19,17
97,20,19
97,21,16
97,22,15
97,23,15
97,24,22
97,25,15
97,26,15
97,27,18
97,28,14
97,29,22
97,30,14
97,31,15
97,32,17
97,33,18
97,34,18
97,35,18
97,36,19
97,37,14
97,38,12
97,39,14
98,0,21
98,1,18
98,2,13
98,3,17
98,4,15
98,5,13
98,6,16
98,7,15
98,8,16
98,9,12
98,10,13
98,11,16
98,12,15
98,13,17
98,14,16
98,15,21
98,16,29
98,17,26
98,18,18
98,19,18
98,20,19
98,21,17
98,22,15
98,23,14
98,24,22
98,25,19
98,26,15
98,27,15
98,28,15
98,29,20
98,30,15
98,31,16
98,32,15
98,33,17
98,34,17
98,35,19
98,36,19
98,37,13
98,38,11
98,39,15
99,0,21
99,1,17
99,2,13
99,3,16
99,4,12
99,5,15
99,6,16
99,7,13
99,8,12
99,9,11
99,10,15
99,11,13
99,12,16
99,13,14
99,14,13
99,15,14
99,16,30
99,17,24
99,18,13
99,19,12
99,20,14
99,21,11
99,22,14
99,23,14
99,24,21
99,25,17
99,26,15
99,27,16
99,28,15
99,29,21
99,30,15
99,31,16
99,32,15
99,33,16
99,34,16
99,35,17
99,36,19
99,37,15
99,38,11
99,39,13
100,0,19
100,1,14
100,2,15
100,3,15
100,4,11
100,5,13
100,6,11
100,7,12
100,8,15
100,9,14
100,10,12
100,11,13
100,12,16
100,13,18
100,14,18
100,15,17
100,16,29
100,17,24
100,18,15
100,19,14
100,20,17
100,21,15
100,22,14
100,23,15
100,24,20
100,25,17
100,26,13
100,27,17
100,28,15
100,29,19
100,30,13
100,31,15
100,32,16
100,33,17
100,34,17
100,35,17
100,36,20
100,37,13
100,38,11
100,39,14
101,0,18
101,1,16
101,2,14
101,3,12
101,4,15
101,5,16
101,6,11
101,7,11
101,8,12
101,9,13
101,10,11
101,11,12
101,12,12
101,13,12
101,14,13
101,15,12
101,16,26
101,17,24
101,18,12
101,19,13
101,20,13
101,21,13
101,22,12
101,23,12
101,24,19
101,25,17
101,26,12
101,27,15
101,28,14
101,29,19
101,30,16
101,31,16
101,32,16
101,33,16
101,34,17
101,35,19
101,36,20
101,37,13
101,38,11
101,39,14
102,0,20
102,1,19
102,2,14
102,3,13
102,4,14
102,5,14
102,6,14
102,7,12
102,8,11
102,9,12
102,10,15
102,11,13
102,12,11
102,13,16
102,14,16
102,15,17
102,16,28
102,17,25
102,18,16
102,19,16
102,20,14
102,21,11
102,22,10
102,23,15
102,24,20
102,25,17
102,26,12
102,27,15
102,28,14
102,29,19
102,30,16
102,31,13
102,32,15
102,33,18
102,34,17
102,35,17
102,36,19
102,37,14
102,38,9
102,39,14
103,0,20
103,1,14
103,2,9
103,3,17
103,4,16
103,5,15
103,6,15
103,7,14
103,8,13
103,9,12
103,10,12
103,11,12
103,12,15
103,13,12
103,14,13
103,15,13
103,16,27
103,17,24
103,18,13
103,19,11
103,20,13
103,21,11
103,22,11
103,23,14
103,24,20
103,25,18
103,26,13
103,27,12
103,28,14
103,29,20
103,30,14
103,31,15
103,32,15
103,33,18
103,34,17
103,35,15
103,36,17
103,37,14
103,38,10
103,39,12
104,0,21
104,1,18
104,2,14
104,3,13
104,4,16
104,5,14
104,6,15
104,7,16
104,8,13
104,9,14
104,10,13
104,11,13
104,12,11
104,13,12
104,14,10
104,15,13
104,16,28
104,17,25
104,18,13
104,19,10
104,20,13
104,21,14
104,22,12
104,23,11
104,24,18
104,25,16
104,26,12
104,27,14
104,28,14
104,29,18
104,30,15
104,31,14
104,32,14
104,33,17
104,34,16
104,35,17
104,36,17
104,37,13
104,38,10
104,39,12
105,0,18
105,1,15
105,2,17
105,3,16
105,4,15
105,5,17
105,6,13
105,7,13
105,8,13
105,9,11
105,10,11
105,11,11
105,12,13
105,13,12
105,14,12
105,15,14
105,16,29
105,17,25
105,18,15
105,19,12
105,20,13
105,21,13
105,22,11
105,23,13
105,24,17
105,25,16
105,26,13
105,27,13
105,28,12
105,29,17
105,30,14
105,31,14
105,32,14
105,33,19
105,34,18
105,35,17
105,36,16
105,37,14
105,38,10
105,39,10
106,0,19
106,1,14
106,2,11
106,3,11
106,4,7
106,5,16
106,6,12
106,7,14
106,8,13
106,9,12
106,10,13
106,11,8
106,12,12
106,13,14
106,14,11
106,15,13
106,16,29
106,17,25
106,18,14
106,19,12
106,20,11
106,21,11
106,22,10
106,23,14
106,24,17
106,25,12
106,26,12
106,27,13
106,28,13
106,29,18
106,30,15
106,31,13
106,32,15
106,33,16
106,34,17
106,35,16
106,36,17
106,37,12
106,38,9
106,39,12
107,0,18
107,1,17
107,2,13
107,3,15
107,4,13
107,5,13
107,6,10
107,7,11
107,8,14
107,9,12
107,10,13
107,11,13
107,12,13
107,13,12
107,14,11
107,15,14
107,16,29
107,17,25
107,18,14
107,19,11
107,20,12
107,21,13
107,22,10
107,23,14
107,24,20
107,25,18
107,26,14
107,27,13
107,28,12
107,29,20
107,30,14
107,31,13
107,32,13
107,33,16
107,34,16
107,35,16
107,36,16
107,37,13
107,38,9
107,39,12
108,0,17
108,1,15
108,2,14
108,3,9
108,4,12
108,5,15
108,6,17
108,7,17
108,8,15
108,9,15
108,10,13
108,11,12
108,12,13
108,13,8
108,14,11
108,15,15
108,16,30
108,17,25
108,18,13
108,19,11
108,20,11
108,21,13
108,22,13
108,23,14
108,24,17
108,25,17
108,26,11
108,27,13
108,28,11
108,29,18
108,30,15
108,31,14
108,32,16
108,33,17
108,34,17
108,35,17
108,36,17
108,37,12
108,38,10
108,39,12
109,0,19
109,1,15
109,2,13
109,3,16
109,4,12
109,5,11
109,6,16
109,7,15
109,8,13
109,9,14
109,10,15
109,11,16
109,12,11
109,13,14
109,14,12
109,15,15
109,16,29
109,17,22
109,18,13
109,19,13
109,20,12
109,21,13
109,22,12
109,23,16
109,24,20
109,25,15
109,26,13
109,27,14
109,28,11
109,29,18
109,30,13
109,31,14
109,32,15
109,33,17
109,34,15
109,35,17
109,36,17
109,37,11
109,38,11
109,39,14
110,0,20
110,1,18
110,2,14
110,3,16
110,4,15
110,5,14
110,6,13
110,7,12
110,8,12
110,9,12
110,10,13
110,11,13
110,12,9
110,13,13
110,14,15
110,15,21
110,16,30
110,17,26
110,18,19
110,19,16
110,20,13
110,21,12
110,22,13
110,23,14
110,24,18
110,25,15
110,26,14
110,27,14
110,28,19
110,29,22
110,30,12
110,31,12
110,32,16
110,33,16
110,34,17
110,35,18
110,36,17
110,37,11
110,38,14
110,39,17
111,0,18
111,1,17
111,2,15
111,3,14
111,4,16
111,5,11
111,6,5
111,7,12
111,8,12
111,9,12
111,10,13
111,11,12
111,12,14
111,13,13
111,14,12
111,15,22
111,16,28
111,17,21
111,18,14
111,19,17
111,20,16
111,21,10
111,22,13
111,23,15
111,24,13
111,25,14
111,26,13
111,27,12
111,28,16
111,29,18
111,30,11
111,31,13
111,32,16
111,33,14
111,34,15
111,35,16
111,36,15
111,37,12
111,38,11
111,39,13
112,0,19
112,1,17
112,2,13
112,3,16
112,4,15
112,5,10
112,6,9
112,7,11
112,8,12
112,9,10
112,10,14
112,11,12
112,12,11
112,13,12
112,14,14
112,15,24
112,16,28
112,17,17
112,18,13
112,19,14
112,20,13
112,21,11
112,22,14
112,23,17
112,24,16
112,25,13
112,26,12
112,27,13
112,28,17
112,29,18
112,30,11
112,31,15
112,32,15
112,33,15
112,34,15
112,35,16
112,36,15
112,37,12
112,38,12
112,39,14
113,0,13
113,1,18
113,2,13
113,3,10
113,4,15
113,5,13
113,6,10
113,7,12
113,8,16
113,9,12
113,10,12
113,11,13
113,12,13
113,13,14
113,14,14
113,15,24
113,16,27
113,17,17
113,18,12
113,19,11
113,20,12
113,21,12
113,22,14
113,23,14
113,24,15
113,25,14
113,26,13
113,27,12
113,28,15
113,29,16
113,30,13
113,31,15
113,32,16
113,33,15
113,34,16
113,35,17
113,36,15
113,37,14
113,38,12
113,39,15
114,0,15
114,1,12
114,2,15
114,3,15
114,4,13
114,5,10
114,6,9
114,7,10
114,8,11
114,9,11
114,10,16
114,11,15
114,12,13
114,13,12
114,14,15
114,15,24
114,16,27
114,17,19
114,18,12
114,19,12
114,20,12
114,21,13
114,22,14
114,23,13
114,24,13
114,25,14
114,26,13
114,27,14
114,28,17
114,29,16
114,30,12
114,31,14
114,32,17
114,33,13
114,34,16
114,35,16
114,36,13
114,37,13
114,38,12
114,39,15
115,0,17
115,1,15
115,2,15
115,3,15
115,4,15
115,5,14
115,6,12
115,7,14
115,8,9
115,9,12
115,10,10
115,11,12
115,12,12
115,13,13
115,14,15
115,15,25
115,16,27
115,17,17
115,18,10
115,19,13
115,20,12
115,21,13
115,22,13
115,23,13
115,24,13
115,25,15
115,26,12
115,27,13
115,28,18
115,29,17
115,30,13
115,31,15
115,32,16
115,33,12
115,34,15
115,35,15
115,36,14
115,37,13
115,38,12
115,39,15
116,0,18
116,1,17
116,2,15
116,3,15
116,4,14
116,5,12
116,6,12
116,7,11
116,8,10
116,9,11
116,10,13
116,11,13
116,12,11
116,13,11
116,14,12
116,15,24
116,16,26
116,17,19
116,18,12
116,19,11
116,20,11
116,21,11
116,22,13
116,23,14
116,24,14
116,25,14
116,26,14
116,27,14
116,28,17
116,29,17
116,30,15
116,31,14
116,32,15
116,33,13
116,34,17
116,35,18
116,36,15
116,37,13
116,38,13
116,39,16
117,0,19
117,1,16
117,2,13
117,3,14
117,4,13
117,5,10
117,6,15
117,7,12
117,8,12
117,9,12
117,10,15
117,11,13
117,12,11
117,13,11
117,14,13
117,15,25
117,16,25
117,17,17
117,18,11
117,19,12
117,20,13
117,21,12
117,22,12
117,23,14
117,24,15
117,25,16
117,26,14
117,27,15
117,28,16
117,29,17
117,30,13
117,31,15
117,32,15
117,33,14
117,34,17
117,35,17
117,36,15
117,37,12
117,38,12
117,39,14
118,0,18
118,1,16
118,2,15
118,3,11
118,4,15
118,5,16
118,6,13
118,7,14
118,8,13
118,9,16
118,10,14
118,11,15
118,12,14
118,13,14
118,14,14
118,15,27
118,16,27
118,17,17
118,18,12
118,19,11
118,20,11
118,21,11
118,22,13
118,23,13
118,24,14
118,25,14
118,26,13
118,27,14
118,28,18
118,29,16
118,30,13
118,31,13
118,32,16
118,33,13
118,34,17
118,35,18
118,36,15
118,37,14
118,38,13
118,39,16
119,0,14
119,1,13
119,2,16
119,3,15
119,4,13
119,5,13
119,6,11
119,7,14
119,8,12
119,9,13
119,10,13
119,11,17
119,12,21
119,13,22
119,14,27
119,15,29
119,16,27
119,17,19
119,18,16
119,19,19
119,20,15
119,21,14
119,22,17
119,23,14
119,24,14
119,25,14
119,26,17
119,27,20
119,28,18
119,29,17
119,30,16
119,31,16
119,32,15
119,33,16
119,34,19
119,35,18
119,36,15
119,37,15
119,38,18
119,39,18
120,0,9
120,1,11
120,2,9
120,3,13
120,4,13
120,5,15
120,6,13
120,7,9
120,8,10
120,9,8
120,10,12
120,11,14
120,12,17
120,13,14
120,14,28
120,15,25
120,16,25
120,17,15
120,18,13
120,19,13
120,20,11
120,21,13
120,22,16
120,23,13
120,24,13
120,25,13
120,26,19
120,27,18
120,28,18
120,29,17
120,30,15
120,31,13
120,32,12
120,33,15
120,34,18
120,35,16
120,36,13
120,37,13
120,38,14
120,39,16
121,0,15
121,1,18
121,2,18
121,3,13
121,4,15
121,5,9
121,6,10
121,7,13
121,8,13
121,9,14
121,10,14
121,11,13
121,12,15
121,13,14
121,14,30
121,15,27
121,16,25
121,17,16
121,18,13
121,19,13
121,20,11
121,21,15
121,22,18
121,23,13
121,24,14
121,25,15
121,26,16
121,27,17
121,28,17
121,29,17
121,30,17
121,31,16
121,32,14
121,33,17
121,34,15
121,35,15
121,36,13
121,37,12
121,38,13
121,39,14
122,0,13
122,1,15
122,2,15
122,3,14
122,4,12
122,5,3
122,6,6
122,7,15
122,8,14
122,9,13
122,10,12
122,11,13
122,12,14
122,13,15
122,14,29
122,15,26
122,16,23
122,17,15
122,18,14
122,19,14
122,20,12
122,21,16
122,22,19
122,23,13
122,24,13
122,25,14
122,26,17
122,27,18
122,28,16
122,29,15
122,30,15
122,31,13
122,32,12
122,33,15
122,34,15
122,35,14
122,36,12
122,37,12
122,38,14
122,39,14
123,0,19
123,1,17
123,2,12
123,3,13
123,4,16
123,5,11
123,6,12
123,7,11
123,8,14
123,9,13
123,10,13
123,11,14
123,12,14
123,13,15
123,14,30
123,15,23
123,16,22
123,17,15
123,18,12
123,19,12
123,20,11
123,21,15
123,22,17
123,23,14
123,24,12
123,25,12
123,26,18
123,27,18
123,28,17
123,29,16
123,30,16
123,31,12
123,32,13
123,33,16
123,34,13
123,35,14
123,36,13
123,37,11
123,38,14
123,39,14
124,0,19
124,1,19
124,2,15
124,3,11
124,4,15
124,5,10
124,6,11
124,7,13
124,8,14
124,9,14
124,10,14
124,11,13
124,12,15
124,13,18
124,14,29
124,15,25
124,16,22
124,17,14
124,18,11
124,19,13
124,20,13
124,21,14
124,22,14
124,23,12
124,24,12
124,25,11
124,26,16
124,27,14
124,28,14
124,29,13
124,30,14
124,31,11
124,32,13
124,33,14
124,34,13
124,35,14
124,36,12
124,37,11
124,38,12
124,39,12
125,0,14
125,1,12
125,2,11
125,3,16
125,4,18
125,5,17
125,6,14
125,7,13
125,8,13
125,9,10
125,10,9
125,11,10
125,12,12
125,13,18
125,14,24
125,15,24
125,16,21
125,17,16
125,18,12
125,19,11
125,20,14
125,21,14
125,22,14
125,23,11
125,24,11
125,25,12
125,26,15
125,27,14
125,28,14
125,29,13
125,30,13
125,31,13
125,32,13
125,33,12
125,34,13
125,35,12
125,36,11
125,37,11
125,38,11
125,39,11
126,0,20
126,1,14
126,2,13
126,3,16
126,4,15
126,5,15
126,6,11
126,7,11
126,8,12
126,9,9
126,10,11
126,11,13
126,12,13
126,13,13
126,14,25
126,15,24
126,16,21
126,17,12
126,18,9
126,19,11
126,20,13
126,21,11
126,22,12
126,23,13
126,24,13
126,25,13
126,26,15
126,27,15
126,28,13
126,29,14
126,30,12
126,31,12
126,32,11
126,33,12
126,34,11
126,35,11
126,36,11
126,37,10
126,38,10
126,39,10
127,0,21
127,1,16
127,2,16
127,3,15
127,4,15
127,5,12
127,6,12
127,7,14
127,8,13
127,9,14
127,10,13
127,11,14
127,12,11
127,13,12
127,14,23
127,15,22
127,16,22
127,17,15
127,18,11
127,19,11
127,20,10
127,21,11
127,22,9
127,23,11
127,24,11
127,25,14
127,26,16
127,27,15
127,28,13
127,29,12
127,30,11
127,31,10
127,32,13
127,33,14
127,34,13
127,35,13
127,36,12
127,37,12
127,38,11
127,39,11
128,0,19
128,1,18
128,2,16
128,3,15
128,4,14
128,5,14
128,6,13
128,7,8
128,8,13
128,9,11
128,10,13
128,11,12
128,12,12
128,13,11
128,14,20
128,15,19
128,16,19
128,17,16
128,18,15
128,19,15
128,20,10
128,21,11
128,22,12
128,23,12
128,24,12
128,25,14
128,26,13
128,27,14
128,28,14
128,29,13
128,30,12
128,31,12
128,32,12
128,33,13
128,34,11
128,35,11
128,36,13
128,37,14
128,38,13
128,39,11
129,0,16
129,1,15
129,2,11
129,3,12
129,4,15
129,5,16
129,6,13
129,7,10
129,8,15
129,9,14
129,10,10
129,11,15
129,12,15
129,13,11
129,14,21
129,15,22
129,16,17
129,17,14
129,18,15
129,19,12
129,20,11
129,21,12
129,22,11
129,23,13
129,24,13
129,25,12
129,26,14
129,27,12
129,28,12
129,29,11
129,30,12
129,31,11
129,32,12
129,33,11
129,34,13
129,35,13
129,36,12
129,37,12
129,38,12
129,39,12
130,0,12
130,1,17
130,2,16
130,3,13
130,4,13
130,5,11
130,6,15
130,7,14
130,8,14
130,9,13
130,10,13
130,11,14
130,12,13
130,13,14
130,14,25
130,15,21
130,16,18
130,17,15
130,18,16
130,19,14
130,20,11
130,21,9
130,22,13
130,23,12
130,24,13
130,25,12
130,26,14
130,27,15
130,28,13
130,29,10
130,30,12
130,31,13
130,32,11
130,33,12
130,34,13
130,35,11
130,36,12
130,37,12
130,38,11
130,39,12
131,0,10
131,1,17
131,2,10
131,3,12
131,4,12
131,5,15
131,6,15
131,7,10
131,8,13
131,9,11
131,10,10
131,11,12
131,12,10
131,13,11
131,14,21
131,15,22
131,16,19
131,17,14
131,18,12
131,19,14
131,20,13
131,21,12
131,22,13
131,23,11
131,24,12
131,25,13
131,26,14
131,27,14
131,28,14
131,29,10
131,30,11
131,31,12
131,32,11
131,33,10
131,34,12
131,35,13
131,36,14
131,37,12
131,38,12
131,39,10
132,0,16
132,1,16
132,2,15
132,3,16
132,4,15
132,5,16
132,6,15
132,7,11
132,8,12
132,9,14
132,10,15
132,11,15
132,12,15
132,13,15
132,14,24
132,15,21
132,16,19
132,17,15
132,18,14
132,19,12
132,20,12
132,21,14
132,22,12
132,23,11
132,24,12
132,25,14
132,26,13
132,27,12
132,28,12
132,29,12
132,30,11
132,31,12
132,32,11
132,33,13
132,34,12
132,35,13
132,36,12
132,37,11
132,38,11
132,39,11
133,0,21
133,1,17
133,2,18
133,3,15
133,4,13
133,5,8
133,6,15
133,7,16
133,8,15
133,9,16
133,10,11
133,11,15
133,12,13
133,13,13
133,14,22
133,15,20
133,16,16
133,17,13
133,18,11
133,19,13
133,20,14
133,21,12
133,22,10
133,23,10
133,24,11
133,25,13
133,26,14
133,27,15
133,28,13
133,29,11
133,30,10
133,31,12
133,32,11
133,33,11
133,34,13
133,35,11
133,36,11
133,37,12
133,38,11
133,39,10
134,0,18
134,1,16
134,2,17
134,3,15
134,4,10
134,5,14
134,6,13
134,7,13
134,8,14
134,9,15
134,10,14
134,11,14
134,12,16
134,13,14
134,14,21
134,15,20
134,16,15
134,17,14
134,18,14
134,19,12
134,20,11
134,21,10
134,22,11
134,23,12
134,24,12
134,25,12
134,26,10
134,27,13
134,28,11
134,29,12
134,30,12
134,31,12
134,32,13
134,33,12
134,34,11
134,35,11
134,36,10
134,37,11
134,38,10
134,39,10
135,0,18
135,1,16
135,2,15
135,3,17
135,4,16
135,5,16
135,6,13
135,7,16
135,8,14
135,9,15
135,10,13
135,11,13
135,12,9
135,13,14
135,14,20
135,15,19
135,16,17
135,17,13
135,18,11
135,19,11
135,20,11
135,21,12
135,22,13
135,23,10
135,24,11
135,25,13
135,26,16
135,27,13
135,28,11
135,29,9
135,30,12
135,31,12
135,32,11
135,33,12
135,34,10
135,35,10
135,36,10
135,37,9
135,38,10
135,39,10
136,0,18
136,1,15
136,2,14
136,3,14
136,4,15
136,5,8
136,6,10
136,7,12
136,8,13
136,9,12
136,10,13
136,11,14
136,12,12
136,13,8
136,14,18
136,15,16
136,16,11
136,17,12
136,18,10
136,19,13
136,20,12
136,21,12
136,22,10
136,23,10
136,24,11
136,25,13
136,26,14
136,27,14
136,28,9
136,29,12
136,30,10
136,31,10
136,32,10
136,33,11
136,34,9
136,35,11
136,36,12
136,37,11
136,38,11
136,39,10
137,0,22
137,1,18
137,2,18
137,3,16
137,4,12
137,5,12
137,6,13
137,7,16
137,8,12
137,9,13
137,10,14
137,11,10
137,12,12
137,13,12
137,14,15
137,15,16
137,16,16
137,17,16
137,18,13
137,19,11
137,20,12
137,21,11
137,22,13
137,23,13
137,24,12
137,25,13
137,26,14
137,27,13
137,28,14
137,29,14
137,30,12
137,31,11
137,32,15
137,33,15
137,34,14
137,35,15
137,36,13
137,37,11
137,38,12
137,39,13
138,0,13
138,1,13
138,2,11
138,3,12
138,4,13
138,5,15
138,6,14
138,7,13
138,8,8
138,9,9
138,10,11
138,11,12
138,12,10
138,13,10
138,14,10
138,15,14
138,16,15
138,17,13
138,18,9
138,19,13
138,20,11
138,21,8
138,22,10
138,23,12
138,24,11
138,25,11
138,26,11
138,27,11
138,28,12
138,29,13
138,30,12
138,31,12
138,32,12
138,33,9
138,34,10
138,35,9
138,36,11
138,37,11
138,38,10
138,39,10
139,0,19
139,1,19
139,2,17
139,3,13
139,4,16
139,5,15
139,6,14
139,7,14
139,8,8
139,9,10
139,10,11
139,11,11
139,12,10
139,13,12
139,14,14
139,15,14
139,16,15
139,17,13
139,18,9
139,19,11
139,20,14
139,21,11
139,22,14
139,23,12
139,24,12
139,25,13
139,26,12
139,27,11
139,28,12
139,29,12
139,30,11
139,31,10
139,32,11
139,33,10
139,34,11
139,35,11
139,36,10
139,37,9
139,38,10
139,39,10
140,0,19
140,1,18
140,2,17
140,3,14
140,4,12
140,5,13
140,6,14
140,7,12
140,8,12
140,9,12
140,10,13
140,11,14
140,12,15
140,13,14
140,14,17
140,15,16
140,16,14
140,17,14
140,18,12
140,19,13
140,20,11
140,21,12
140,22,13
140,23,13
140,24,10
140,25,14
140,26,14
140,27,13
140,28,12
140,29,13
140,30,12
140,31,11
140,32,10
140,33,12
140,34,11
140,35,10
140,36,11
140,37,10
140,38,10
140,39,9
141,0,15
141,1,17
141,2,15
141,3,17
141,4,12
141,5,10
141,6,11
141,7,13
141,8,8
141,9,9
141,10,12
141,11,14
141,12,15
141,13,14
141,14,17
141,15,12
141,16,12
141,17,18
141,18,16
141,19,12
141,20,15
141,21,9
141,22,12
141,23,10
141,24,12
141,25,17
141,26,17
141,27,24
141,28,16
141,29,17
141,30,13
141,31,14
141,32,17
141,33,15
141,34,14
141,35,15
141,36,17
141,37,13
141,38,12
141,39,13
142,0,20
142,1,19
142,2,18
142,3,17
142,4,10
142,5,15
142,6,15
142,7,11
142,8,10
142,9,11
142,10,14
142,11,19
142,12,21
142,13,15
142,14,14
142,15,15
142,16,21
142,17,29
142,18,25
142,19,16
142,20,17
142,21,14
142,22,16
142,23,15
142,24,16
142,25,20
142,26,17
142,27,24
142,28,18
142,29,21
142,30,20
142,31,19
142,32,19
142,33,17
142,34,19
142,35,20
142,36,18
142,37,15
142,38,16
142,39,20
143,0,21
143,1,19
143,2,17
143,3,13
143,4,11
143,5,10
143,6,12
143,7,14
143,8,14
143,9,16
143,10,16
143,11,16
143,12,17
143,13,16
143,14,16
143,15,23
143,16,26
143,17,23
143,18,20
143,19,18
143,20,18
143,21,14
143,22,15
143,23,16
143,24,16
143,25,17
143,26,16
143,27,21
143,28,20
143,29,19
143,30,18
143,31,16
143,32,17
143,33,14
143,34,19
143,35,19
143,36,17
143,37,18
143,38,18
143,39,19
144,0,21
144,1,14
144,2,13
144,3,16
144,4,13
144,5,17
144,6,14
144,7,16
144,8,11
144,9,14
144,10,17
144,11,16
144,12,17
144,13,17
144,14,16
144,15,25
144,16,24
144,17,18
144,18,19
144,19,17
144,20,19
144,21,15
144,22,16
144,23,16
144,24,16
144,25,17
144,26,19
144,27,21
144,28,21
144,29,19
144,30,17
144,31,18
144,32,19
144,33,17
144,34,17
144,35,21
144,36,17
144,37,16
144,38,17
144,39,18
145,0,22
145,1,19
145,2,17
145,3,12
145,4,13
145,5,18
145,6,15
145,7,15
145,8,14
145,9,16
145,10,12
145,11,15
145,12,17
145,13,18
145,14,18
145,15,23
145,16,25
145,17,21
145,18,20
145,19,17
145,20,20
145,21,17
145,22,15
145,23,16
145,24,20
145,25,19
145,26,17
145,27,21
145,28,21
145,29,22
145,30,17
145,31,18
145,32,19
145,33,17
145,34,16
145,35,19
145,36,19
145,37,19
145,38,20
145,39,19
146,0,21
146,1,16
146,2,13
146,3,17
146,4,16
146,5,18
146,6,15
146,7,14
146,8,12
146,9,14
146,10,14
146,11,15
146,12,14
146,13,11
146,14,12
146,15,20
146,16,26
146,17,18
146,18,17
146,19,14
146,20,15
146,21,15
146,22,15
146,23,16
146,24,20
146,25,15
146,26,15
146,27,20
146,28,20
146,29,23
146,30,17
146,31,15
146,32,19
146,33,16
146,34,15
146,35,19
146,36,17
146,37,13
146,38,15
146,39,15
147,0,19
147,1,19
147,2,18
147,3,12
147,4,13
147,5,12
147,6,13
147,7,12
147,8,12
147,9,13
147,10,14
147,11,15
147,12,14
147,13,17
147,14,19
147,15,22
147,16,27
147,17,21
147,18,17
147,19,13
147,20,16
147,21,14
147,22,12
147,23,12
147,24,17
147,25,17
147,26,15
147,27,19
147,28,18
147,29,23
147,30,17
147,31,16
147,32,15
147,33,16
147,34,14
147,35,16
147,36,17
147,37,15
147,38,17
147,39,15
148,0,18
148,1,16
148,2,17
148,3,11
148,4,11
148,5,11
148,6,14
148,7,15
148,8,15
148,9,15
148,10,11
148,11,12
148,12,13
148,13,13
148,14,13
148,15,20
148,16,31
148,17,26
148,18,18
148,19,12
148,20,10
148,21,12
148,22,13
148,23,13
148,24,18
148,25,17
148,26,15
148,27,19
148,28,16
148,29,22
148,30,15
148,31,14
148,32,15
148,33,16
148,34,13
148,35,17
148,36,18
148,37,15
148,38,15
148,39,16
149,0,20
149,1,17
149,2,12
149,3,12
149,4,15
149,5,14
149,6,12
149,7,13
149,8,14
149,9,10
149,10,11
149,11,16
149,12,12
149,13,11
149,14,14
149,15,19
149,16,29
149,17,26
149,18,18
149,19,14
149,20,14
149,21,12
149,22,10
149,23,14
149,24,19
149,25,15
149,26,13
149,27,18
149,28,18
149,29,20
149,30,13
149,31,11
149,32,16
149,33,17
149,34,14
149,35,17
149,36,17
149,37,12
149,38,12
149,39,15
150,0,9
150,1,15
150,2,14
150,3,15
150,4,12
150,5,10
150,6,14
150,7,14
150,8,14
150,9,13
150,10,14
150,11,13
150,12,13
150,13,14
150,14,12
150,15,15
150,16,31
150,17,25
150,18,15
150,19,11
150,20,13
150,21,12
150,22,12
150,23,14
150,24,18
150,25,15
150,26,12
150,27,15
150,28,15
150,29,19
150,30,13
150,31,12
150,32,15
150,33,15
150,34,13
150,35,16
150,36,16
150,37,12
150,38,12
150,39,14
151,0,16
151,1,14
151,2,11
151,3,10
151,4,13
151,5,16
151,6,8
151,7,12
151,8,12
151,9,12
151,10,12
151,11,10
151,12,9
151,13,10
151,14,13
151,15,18
151,16,30
151,17,24
151,18,14
151,19,12
151,20,12
151,21,13
151,22,9
151,23,15
151,24,18
151,25,16
151,26,10
151,27,17
151,28,15
151,29,20
151,30,14
151,31,13
151,32,13
151,33,15
151,34,13
151,35,16
151,36,16
151,37,10
151,38,13
151,39,14
152,0,20
152,1,11
152,2,14
152,3,13
152,4,12
152,5,13
152,6,11
152,7,12
152,8,13
152,9,10
152,10,6
152,11,12
152,12,11
152,13,12
152,14,13
152,15,21
152,16,29
152,17,24
152,18,15
152,19,12
152,20,13
152,21,14
152,22,13
152,23,15
152,24,19
152,25,15
152,26,12
152,27,17
152,28,15
152,29,19
152,30,12
152,31,12
152,32,14
152,33,15
152,34,12
152,35,14
152,36,16
152,37,12
152,38,12
152,39,12
153,0,14
153,1,16
153,2,15
153,3,17
153,4,15
153,5,17
153,6,14
153,7,13
153,8,12
153,9,11
153,10,10
153,11,11
153,12,13
153,13,14
153,14,14
153,15,17
153,16,29
153,17,23
153,18,12
153,19,9
153,20,11
153,21,12
153,22,11
153,23,11
153,24,17
153,25,15
153,26,13
153,27,16
153,28,16
153,29,20
153,30,14
153,31,11
153,32,13
153,33,15
153,34,12
153,35,13
153,36,15
153,37,12
153,38,11
153,39,13
154,0,14
154,1,15
154,2,15
154,3,13
154,4,15
154,5,13
154,6,15
154,7,12
154,8,14
154,9,10
154,10,13
154,11,10
154,12,11
154,13,11
154,14,12
154,15,16
154,16,24
154,17,21
154,18,12
154,19,11
154,20,10
154,21,13
154,22,11
154,23,14
154,24,18
154,25,16
154,26,13
154,27,15
154,28,14
154,29,19
154,30,13
154,31,12
154,32,14
154,33,15
154,34,12
154,35,15
154,36,15
154,37,12
154,38,11
154,39,12
155,0,17
155,1,14
155,2,15
155,3,12
155,4,10
155,5,12
155,6,14
155,7,13
155,8,11
155,9,13
155,10,12
155,11,9
155,12,13
155,13,13
155,14,14
155,15,15
155,16,25
155,17,19
155,18,14
155,19,12
155,20,12
155,21,12
155,22,11
155,23,12
155,24,18
155,25,15
155,26,12
155,27,14
155,28,14
155,29,19
155,30,12
155,31,12
155,32,13
155,33,13
155,34,13
155,35,15
155,36,15
155,37,12
155,38,12
155,39,12
156,0,19
156,1,16
156,2,17
156,3,15
156,4,7
156,5,14
156,6,14
156,7,14
156,8,13
156,9,13
156,10,11
156,11,12
156,12,11
156,13,12
156,14,13
156,15,19
156,16,27
156,17,21
156,18,12
156,19,11
156,20,10
156,21,12
156,22,13
156,23,14
156,24,16
156,25,12
156,26,12
156,27,14
156,28,18
156,29,21
156,30,12
156,31,11
156,32,13
156,33,14
156,34,12
156,35,15
156,36,14
156,37,13
156,38,11
156,39,14
157,0,20
157,1,18
157,2,17
157,3,11
157,4,14
157,5,12
157,6,9
157,7,15
157,8,14
157,9,16
157,10,12
157,11,11
157,12,13
157,13,14
157,14,12
157,15,24
157,16,25
157,17,20
157,18,12
157,19,11
157,20,11
157,21,13
157,22,15
157,23,15
157,24,16
157,25,13
157,26,13
157,27,13
157,28,17
157,29,19
157,30,12
157,31,12
157,32,15
157,33,14
157,34,14
157,35,15
157,36,14
157,37,13
157,38,12
157,39,13
158,0,22
158,1,17
158,2,13
158,3,7
158,4,10
158,5,10
158,6,9
158,7,13
158,8,14
158,9,14
158,10,11
158,11,10
158,12,10
158,13,8
158,14,10
158,15,24
158,16,28
158,17,19
158,18,13
158,19,12
158,20,13
158,21,14
158,22,14
158,23,15
158,24,15
158,25,15
158,26,11
158,27,10
158,28,16
158,29,15
158,30,11
158,31,12
158,32,14
158,33,13
158,34,13
158,35,16
158,36,13
158,37,11
158,38,11
158,39,12
159,0,19
159,1,15
159,2,16
159,3,16
159,4,12
159,5,15
159,6,15
159,7,15
159,8,13
159,9,12
159,10,12
159,11,11
159,12,13
159,13,13
159,14,14
159,15,24
159,16,27
159,17,19
159,18,12
159,19,9
159,20,9
159,21,10
159,22,13
159,23,13
159,24,13
159,25,14
159,26,14
159,27,13
159,28,16
159,29,15
159,30,12
159,31,13
159,32,14
159,33,12
159,34,13
159,35,14
159,36,12
159,37,11
159,38,11
159,39,13
160,0,19
160,1,16
160,2,17
160,3,17
160,4,16
160,5,9
160,6,11
160,7,14
160,8,15
160,9,15
160,10,14
160,11,12
160,12,14
160,13,12
160,14,14
160,15,24
160,16,27
160,17,19
160,18,13
160,19,12
160,20,12
160,21,11
160,22,13
160,23,13
160,24,11
160,25,14
160,26,12
160,27,16
160,28,16
160,29,16
160,30,12
160,31,14
160,32,14
160,33,13
160,34,13
160,35,14
160,36,12
160,37,11
160,38,12
160,39,13
161,0,16
161,1,14
161,2,18
161,3,16
161,4,14
161,5,17
161,6,15
161,7,11
161,8,12
161,9,12
161,10,9
161,11,14
161,12,13
161,13,15
161,14,14
161,15,25
161,16,26
161,17,18
161,18,13
161,19,13
161,20,13
161,21,12
161,22,13
161,23,14
161,24,12
161,25,14
161,26,12
161,27,14
161,28,15
161,29,16
161,30,11
161,31,14
161,32,14
161,33,13
161,34,12
161,35,14
161,36,12
161,37,10
161,38,10
161,39,13
162,0,18
162,1,17
162,2,12
162,3,15
162,4,14
162,5,10
162,6,11
162,7,10
162,8,12
162,9,12
162,10,13
162,11,11
162,12,11
162,13,15
162,14,13
162,15,24
162,16,25
162,17,16
162,18,11
162,19,13
162,20,12
162,21,13
162,22,12
162,23,15
162,24,14
162,25,15
162,26,12
162,27,11
162,28,17
162,29,14
162,30,13
162,31,15
162,32,15
162,33,11
162,34,14
162,35,16
162,36,13
162,37,11
162,38,11
162,39,13
163,0,12
163,1,20
163,2,17
163,3,15
163,4,13
163,5,14
163,6,12
163,7,13
163,8,15
163,9,11
163,10,12
163,11,12
163,12,11
163,13,15
163,14,14
163,15,25
163,16,25
163,17,17
163,18,13
163,19,13
163,20,12
163,21,12
163,22,13
163,23,13
163,24,13
163,25,14
163,26,12
163,27,12
163,28,17
163,29,15
163,30,12
163,31,14
163,32,15
163,33,12
163,34,14
163,35,15
163,36,12
163,37,12
163,38,11
163,39,11
164,0,13
164,1,11
164,2,13
164,3,14
164,4,11
164,5,15
164,6,14
164,7,12
164,8,13
164,9,12
164,10,13
164,11,13
164,12,8
164,13,12
164,14,13
164,15,25
164,16,25
164,17,16
164,18,12
164,19,13
164,20,12
164,21,11
164,22,13
164,23,14
164,24,12
164,25,13
164,26,15
164,27,14
164,28,16
164,29,17
164,30,12
164,31,13
164,32,16
164,33,13
164,34,14
164,35,15
164,36,12
164,37,12
164,38,10
164,39,12
165,0,13
165,1,9
165,2,14
165,3,13
165,4,16
165,5,15
165,6,14
165,7,14
165,8,13
165,9,14
165,10,10
165,11,11
165,12,13
165,13,11
165,14,13
165,15,25
165,16,25
165,17,17
165,18,13
165,19,11
165,20,13
165,21,11
165,22,10
165,23,14
165,24,15
165,25,14
165,26,13
165,27,14
165,28,16
165,29,15
165,30,13
165,31,14
165,32,15
165,33,12
165,34,13
165,35,16
165,36,11
165,37,11
165,38,11
165,39,11
166,0,12
166,1,7
166,2,14
166,3,14
166,4,13
166,5,10
166,6,9
166,7,14
166,8,14
166,9,14
166,10,13
166,11,13
166,12,14
166,13,11
166,14,14
166,15,24
166,16,26
166,17,17
166,18,13
166,19,12
166,20,14
166,21,12
166,22,14
166,23,14
166,24,13
166,25,15
166,26,13
166,27,13
166,28,14
166,29,14
166,30,13
166,31,16
166,32,16
166,33,13
166,34,16
166,35,17
166,36,10
166,37,12
166,38,11
166,39,12
167,0,17
167,1,15
167,2,17
167,3,13
167,4,12
167,5,16
167,6,12
167,7,14
167,8,10
167,9,9
167,10,13
167,11,12
167,12,14
167,13,17
167,14,29
167,15,26
167,16,25
167,17,20
167,18,17
167,19,15
167,20,11
167,21,14
167,22,15
167,23,13
167,24,15
167,25,13
167,26,18
167,27,21
167,28,18
167,29,16
167,30,17
167,31,18
167,32,16
167,33,16
167,34,17
167,35,15
167,36,13
167,37,13
167,38,15
167,39,17
168,0,17
168,1,18
168,2,15
168,3,14
168,4,10
168,5,13
168,6,12
168,7,11
168,8,11
168,9,11
168,10,11
168,11,11
168,12,14
168,13,16
168,14,29
168,15,26
168,16,23
168,17,16
168,18,14
168,19,12
168,20,13
168,21,14
168,22,16
168,23,12
168,24,14
168,25,15
168,26,18
168,27,18
168,28,14
168,29,14
168,30,16
168,31,14
168,32,13
168,33,15
168,34,15
168,35,16
168,36,13
168,37,13
168,38,15
168,39,15
169,0,15
169,1,15
169,2,15
169,3,14
169,4,13
169,5,13
169,6,14
169,7,10
169,8,9
169,9,13
169,10,10
169,11,10
169,12,12
169,13,16
169,14,28
169,15,26
169,16,20
169,17,14
169,18,13
169,19,14
169,20,9
169,21,15
169,22,17
169,23,11
169,24,13
169,25,12
169,26,14
169,27,17
169,28,14
169,29,14
169,30,17
169,31,13
169,32,12
169,33,13
169,34,13
169,35,15
169,36,13
169,37,11
169,38,15
169,39,15
170,0,15
170,1,17
170,2,17
170,3,13
170,4,15
170,5,16
170,6,17
170,7,11
170,8,9
170,9,10
170,10,11
170,11,11
170,12,11
170,13,15
170,14,28
170,15,24
170,16,21
170,17,16
170,18,14
170,19,14
170,20,13
170,21,15
170,22,16
170,23,11
170,24,11
170,25,13
170,26,14
170,27,16
170,28,13
170,29,16
170,30,15
170,31,15
170,32,12
170,33,15
170,34,14
170,35,14
170,36,13
170,37,11
170,38,12
170,39,14
171,0,20
171,1,18
171,2,16
171,3,16
171,4,16
171,5,12
171,6,13
171,7,9
171,8,11
171,9,15
171,10,11
171,11,11
171,12,13
171,13,15
171,14,28
171,15,23
171,16,21
171,17,15
171,18,13
171,19,13
171,20,14
171,21,15
171,22,17
171,23,14
171,24,12
171,25,15
171,26,16
171,27,15
171,28,16
171,29,15
171,30,15
171,31,11
171,32,12
171,33,14
171,34,13
171,35,15
171,36,13
171,37,12
171,38,12
171,39,14
172,0,15
172,1,17
172,2,16
172,3,9
172,4,16
172,5,17
172,6,13
172,7,11
172,8,12
172,9,12
172,10,11
172,11,15
172,12,15
172,13,12
172,14,28
172,15,24
172,16,19
172,17,16
172,18,14
172,19,14
172,20,14
172,21,13
172,22,14
172,23,13
172,24,13
172,25,13
172,26,16
172,27,15
172,28,15
172,29,14
172,30,15
172,31,13
172,32,14
172,33,15
172,34,14
172,35,13
172,36,13
172,37,10
172,38,11
172,39,14
173,0,20
173,1,18
173,2,15
173,3,15
173,4,14
173,5,15
173,6,11
173,7,9
173,8,9
173,9,12
173,10,14
173,11,10
173,12,13
173,13,15
173,14,28
173,15,24
173,16,21
173,17,13
173,18,12
173,19,11
173,20,13
173,21,15
173,22,17
173,23,12
173,24,11
173,25,13
173,26,17
173,27,18
173,28,14
173,29,15
173,30,14
173,31,13
173,32,12
173,33,13
173,34,12
173,35,14
173,36,13
173,37,11
173,38,13
173,39,13
174,0,17
174,1,13
174,2,15
174,3,12
174,4,16
174,5,15
174,6,11
174,7,12
174,8,12
174,9,12
174,10,10
174,11,11
174,12,15
174,13,16
174,14,28
174,15,25
174,16,21
174,17,15
174,18,8
174,19,14
174,20,15
174,21,16
174,22,15
174,23,8
174,24,11
174,25,14
174,26,17
174,27,17
174,28,12
174,29,14
174,30,13
174,31,13
174,32,13
174,33,13
174,34,12
174,35,14
174,36,13
174,37,11
174,38,12
174,39,11
175,0,20
175,1,18
175,2,14
175,3,15
175,4,15
175,5,14
175,6,14
175,7,10
175,8,11
175,9,9
175,10,11
175,11,14
175,12,13
175,13,17
175,14,29
175,15,25
175,16,19
175,17,14
175,18,11
175,19,12
175,20,11
175,21,12
175,22,17
175,23,13
175,24,13
175,25,15
175,26,18
175,27,16
175,28,14
175,29,13
175,30,13
175,31,11
175,32,12
175,33,14
175,34,12
175,35,14
175,36,12
175,37,10
175,38,12
175,39,11
176,0,19
176,1,16
176,2,16
176,3,17
176,4,14
176,5,11
176,6,12
176,7,15
176,8,12
176,9,13
176,10,11
176,11,13
176,12,14
176,13,17
176,14,27
176,15,20
176,16,16
176,17,13
176,18,13
176,19,13
176,20,14
176,21,13
176,22,11
176,23,11
176,24,12
176,25,12
176,26,16
176,27,15
176,28,12
176,29,12
176,30,13
176,31,12
176,32,12
176,33,14
176,34,13
176,35,10
176,36,11
176,37,9
176,38,11
176,39,11
177,0,17
177,1,7
177,2,6
177,3,8
177,4,13
177,5,6
177,6,9
177,7,13
177,8,13
177,9,15
177,10,15
177,11,13
177,12,14
177,13,13
177,14,24
177,15,22
177,16,17
177,17,14
177,18,12
177,19,13
177,20,13
177,21,12
177,22,11
177,23,11
177,24,12
177,25,13
177,26,15
177,27,13
177,28,12
177,29,11
177,30,11
177,31,11
177,32,9
177,33,12
177,34,10
177,35,10
177,36,10
177,37,11
177,38,9
177,39,11
178,0,22
178,1,19
178,2,15
178,3,10
178,4,13
178,5,16
178,6,13
178,7,12
178,8,10
178,9,13
178,10,16
178,11,15
178,12,16
178,13,17
178,14,24
178,15,23
178,16,16
178,17,11
178,18,13
178,19,13
178,20,11
178,21,12
178,22,11
178,23,11
178,24,10
178,25,10
178,26,14
178,27,15
178,28,13
178,29,12
178,30,11
178,31,11
178,32,12
178,33,12
178,34,9
178,35,10
178,36,10
178,37,11
178,38,12
178,39,10
179,0,18
179,1,12
179,2,15
179,3,14
179,4,17
179,5,12
179,6,16
179,7,15
179,8,12
179,9,13
179,10,15
179,11,19
179,12,25
179,13,20
179,14,25
179,15,21
179,16,13
179,17,12
179,18,12
179,19,15
179,20,12
179,21,12
179,22,12
179,23,13
179,24,13
179,25,12
179,26,14
179,27,14
179,28,12
179,29,11
179,30,13
179,31,11
179,32,10
179,33,13
179,34,10
179,35,11
179,36,9
179,37,10
179,38,12
179,39,10
180,0,20
180,1,18
180,2,16
180,3,17
180,4,16
180,5,15
180,6,9
180,7,13
180,8,14
180,9,13
180,10,14
180,11,17
180,12,27
180,13,26
180,14,25
180,15,23
180,16,15
180,17,13
180,18,13
180,19,16
180,20,15
180,21,11
180,22,15
180,23,13
180,24,18
180,25,13
180,26,13
180,27,15
180,28,13
180,29,13
180,30,15
180,31,16
180,32,12
180,33,14
180,34,10
180,35,15
180,36,13
180,37,11
180,38,11
180,39,10
181,0,22
181,1,17
181,2,11
181,3,16
181,4,14
181,5,9
181,6,12
181,7,14
181,8,15
181,9,16
181,10,14
181,11,16
181,12,24
181,13,27
181,14,24
181,15,23
181,16,14
181,17,11
181,18,13
181,19,16
181,20,18
181,21,13
181,22,12
181,23,14
181,24,19
181,25,16
181,26,15
181,27,13
181,28,13
181,29,12
181,30,15
181,31,17
181,32,12
181,33,15
181,34,11
181,35,14
181,36,14
181,37,11
181,38,12
181,39,12
182,0,17
182,1,14
182,2,14
182,3,16
182,4,15
182,5,14
182,6,11
182,7,15
182,8,15
182,9,14
182,10,15
182,11,17
182,12,23
182,13,27
182,14,24
182,15,19
182,16,16
182,17,12
182,18,13
182,19,16
182,20,16
182,21,9
182,22,11
182,23,13
182,24,17
182,25,18
182,26,16
182,27,14
182,28,14
182,29,12
182,30,12
182,31,16
182,32,12
182,33,14
182,34,12
182,35,11
182,36,11
182,37,9
182,38,11
182,39,12
183,0,20
183,1,15
183,2,11
183,3,17
183,4,17
183,5,13
183,6,13
183,7,11
183,8,7
183,9,9
183,10,12
183,11,14
183,12,20
183,13,26
183,14,22
183,15,20
183,16,15
183,17,12
183,18,11
183,19,15
183,20,17
183,21,12
183,22,11
183,23,13
183,24,20
183,25,16
183,26,13
183,27,15
183,28,15
183,29,12
183,30,11
183,31,15
183,32,13
183,33,13
183,34,11
183,35,13
183,36,12
183,37,10
183,38,12
183,39,12
184,0,19
184,1,13
184,2,11
184,3,14
184,4,11
184,5,11
184,6,13
184,7,15
184,8,14
184,9,14
184,10,11
184,11,15
184,12,22
184,13,26
184,14,24
184,15,20
184,16,15
184,17,10
184,18,13
184,19,16
184,20,13
184,21,14
184,22,14
184,23,14
184,24,20
184,25,13
184,26,13
184,27,15
184,28,13
184,29,11
184,30,12
184,31,15
184,32,12
184,33,11
184,34,10
184,35,11
184,36,12
184,37,11
184,38,11
184,39,10
185,0,15
185,1,15
185,2,16
185,3,16
185,4,14
185,5,16
185,6,15
185,7,15
185,8,14
185,9,13
185,10,15
185,11,13
185,12,20
185,13,21
185,14,22
185,15,18
185,16,14
185,17,12
185,18,14
185,19,16
185,20,12
185,21,12
185,22,11
185,23,13
185,24,18
185,25,13
185,26,13
185,27,13
185,28,12
185,29,12
185,30,12
185,31,13
185,32,10
185,33,10
185,34,10
185,35,11
185,36,10
185,37,10
185,38,9
185,39,9
186,0,18
186,1,17
186,2,15
186,3,13
186,4,12
186,5,10
186,6,13
186,7,13
186,8,12
186,9,14
186,10,16
186,11,12
186,12,17
186,13,18
186,14,21
186,15,17
186,16,13
186,17,11
186,18,12
186,19,13
186,20,12
186,21,13
186,22,11
186,23,12
186,24,15
186,25,11
186,26,12
186,27,12
186,28,14
186,29,11
186,30,9
186,31,12
186,32,11
186,33,10
186,34,9
186,35,11
186,36,10
186,37,9
186,38,10
186,39,9
187,0,18
187,1,17
187,2,15
187,3,10
187,4,12
187,5,17
187,6,14
187,7,13
187,8,14
187,9,15
187,10,10
187,11,12
187,12,20
187,13,17
187,14,17
187,15,14
187,16,15
187,17,14
187,18,14
187,19,12
187,20,10
187,21,11
187,22,12
187,23,13
187,24,15
187,25,12
187,26,12
187,27,14
187,28,13
187,29,10
187,30,12
187,31,12
187,32,10
187,33,11
187,34,11
187,35,10
187,36,11
187,37,9
187,38,9
187,39,10
188,0,20
188,1,17
188,2,14
188,3,13
188,4,14
188,5,10
188,6,12
188,7,14
188,8,14
188,9,10
188,10,13
188,11,13
188,12,18
188,13,18
188,14,15
188,15,13
188,16,14
188,17,13
188,18,11
188,19,11
188,20,12
188,21,11
188,22,12
188,23,13
188,24,15
188,25,12
188,26,14
188,27,12
188,28,13
188,29,12
188,30,9
188,31,10
188,32,11
188,33,12
188,34,10
188,35,11
188,36,10
188,37,9
188,38,10
188,39,8
189,0,19
189,1,14
189,2,15
189,3,13
189,4,14
189,5,16
189,6,15
189,7,12
189,8,14
189,9,14
189,10,12
189,11,17
189,12,20
189,13,18
189,14,17
189,15,16
189,16,13
189,17,11
189,18,14
189,19,18
189,20,13
189,21,14
189,22,15
189,23,16
189,24,18
189,25,15
189,26,12
189,27,13
189,28,11
189,29,10
189,30,13
189,31,13
189,32,11
189,33,9
189,34,10
189,35,11
189,36,11
189,37,10
189,38,11
189,39,10
190,0,21
190,1,18
190,2,15
190,3,17
190,4,16
190,5,13
190,6,14
190,7,11
190,8,11
190,9,12
190,10,15
190,11,22
190,12,28
190,13,20
190,14,16
190,15,14
190,16,13
190,17,12
190,18,18
190,19,20
190,20,14
190,21,10
190,22,13
190,23,19
190,24,18
190,25,17
190,26,16
190,27,19
190,28,15
190,29,16
190,30,16
190,31,15
190,32,17
190,33,12
190,34,12
190,35,13
190,36,13
190,37,11
190,38,14
190,39,13
191,0,21
191,1,17
191,2,13
191,3,14
191,4,15
191,5,12
191,6,13
191,7,15
191,8,11
191,9,9
191,10,14
191,11,24
191,12,29
191,13,22
191,14,15
191,15,15
191,16,15
191,17,17
191,18,17
191,19,15
191,20,13
191,21,12
191,22,14
191,23,18
191,24,16
191,25,16
191,26,15
191,27,18
191,28,13
191,29,16
191,30,14
191,31,13
191,32,15
191,33,13
191,34,13
191,35,12
191,36,15
191,37,13
191,38,14
191,39,14
192,0,15
192,1,14
192,2,13
192,3,15
192,4,11
192,5,15
192,6,16
192,7,15
192,8,15
192,9,13
192,10,15
192,11,23
192,12,29
192,13,21
192,14,17
192,15,16
192,16,14
192,17,14
192,18,19
192,19,17
192,20,16
192,21,14
192,22,12
192,23,18
192,24,14
192,25,13
192,26,15
192,27,15
192,28,12
192,29,16
192,30,15
192,31,15
192,32,17
192,33,13
192,34,14
192,35,15
192,36,15
192,37,13
192,38,13
192,39,13
193,0,21
193,1,12
193,2,10
193,3,15
193,4,13
193,5,14
193,6,15
193,7,15
193,8,14
193,9,13
193,10,13
193,11,23
193,12,28
193,13,21
193,14,19
193,15,16
193,16,16
193,17,15
193,18,18
193,19,17
193,20,13
193,21,12
193,22,14
193,23,19
193,24,13
193,25,15
193,26,15
193,27,16
193,28,14
193,29,16
193,30,15
193,31,14
193,32,13
193,33,11
193,34,11
193,35,13
193,36,14
193,37,11
193,38,13
193,39,12
194,0,16
194,1,15
194,2,14
194,3,12
194,4,15
194,5,13
194,6,12
194,7,13
194,8,13
194,9,13
194,10,11
194,11,22
194,12,28
194,13,17
194,14,13
194,15,13
194,16,12
194,17,11
194,18,17
194,19,18
194,20,12
194,21,13
194,22,14
194,23,17
194,24,15
194,25,15
194,26,12
194,27,14
194,28,12
194,29,15
194,30,12
194,31,13
194,32,15
194,33,11
194,34,11
194,35,12
194,36,14
194,37,11
194,38,13
194,39,11
195,0,23
195,1,20
195,2,13
195,3,11
195,4,13
195,5,12
195,6,13
195,7,12
195,8,13
195,9,14
195,10,14
195,11,23
195,12,27
195,13,17
195,14,15
195,15,14
195,16,12
195,17,13
195,18,16
195,19,15
195,20,15
195,21,12
195,22,13
195,23,18
195,24,14
195,25,15
195,26,14
195,27,14
195,28,10
195,29,14
195,30,12
195,31,13
195,32,13
195,33,10
195,34,11
195,35,11
195,36,14
195,37,10
195,38,11
195,39,10
196,0,21
196,1,19
196,2,15
196,3,15
196,4,14
196,5,13
196,6,12
196,7,12
196,8,12
196,9,16
196,10,13
196,11,23
196,12,26
196,13,14
196,14,13
196,15,14
196,16,13
196,17,14
196,18,18
196,19,14
196,20,13
196,21,14
196,22,16
196,23,17
196,24,11
196,25,13
196,26,11
196,27,13
196,28,14
196,29,16
196,30,12
196,31,13
196,32,13
196,33,11
196,34,12
196,35,12
196,36,13
196,37,11
196,38,11
196,39,10
197,0,16
197,1,15
197,2,15
197,3,11
197,4,15
197,5,13
197,6,14
197,7,12
197,8,11
197,9,14
197,10,13
197,11,23
197,12,25
197,13,13
197,14,15
197,15,15
197,16,11
197,17,12
197,18,18
197,19,14
197,20,11
197,21,11
197,22,12
197,23,16
197,24,15
197,25,13
197,26,14
197,27,14
197,28,11
197,29,15
197,30,12
197,31,12
197,32,13
197,33,12
197,34,11
197,35,11
197,36,12
197,37,10
197,38,10
197,39,11
198,0,19
198,1,18
198,2,17
198,3,16
198,4,16
198,5,14
198,6,17
198,7,16
198,8,15
198,9,13
198,10,15
198,11,24
198,12,25
198,13,12
198,14,14
198,15,13
198,16,14
198,17,11
198,18,15
198,19,14
198,20,12
198,21,12
198,22,13
198,23,16
198,24,15
198,25,14
198,26,12
198,27,13
198,28,11
198,29,13
198,30,11
198,31,9
198,32,12
198,33,13
198,34,12
198,35,10
198,36,11
198,37,9
198,38,9
198,39,9
199,0,21
199,1,17
199,2,15
199,3,15
199,4,16
199,5,17
199,6,14
199,7,13
199,8,10
199,9,12
199,10,12
199,11,24
199,12,24
199,13,14
199,14,14
199,15,14
199,16,10
199,17,13
199,18,15
199,19,12
199,20,12
199,21,12
199,22,15
199,23,16
199,24,11
199,25,11
199,26,13
199,27,13
199,28,12
199,29,15
199,30,12
199,31,11
199,32,12
199,33,12
199,34,11
199,35,11
199,36,11
199,37,9
199,38,9
199,39,10
